
% Bus Name: Wind turbine name
% Bus Base (kV): Wind turbine base voltage
% ID: Wind turbine identification code in mpc.mode_id
% PPER: Proportion of active power generation (0~1)
% QPER: Proportion of reactive power generation (0~1)
% MVA: Rated capacity of a single photovoltaic array (MVA)
% T: actual temperature (°„C, default 25)
% Uoc: Open-circuit voltage of a single cell under standard conditions (V)
% Isc: Short-circuit current of a single cell under standard conditions (A)
% Upmax: Voltage at the maximum power point (V)
% Ipmax: Current at the maximum power point (A)
% ISHT: Number of parallel battery groups in the photovoltaic array
% ISER: Number of series cells in each photovoltaic battery group
% C: Size of the DC side capacitor (mF)
% NM: Number of groups

MS = [ 
1	90	0     	0.00	0.00	1.050	15.000	44.800	8.3300	35.200	7.9500	127 	28  	1000000000.000000	0
2	91	0     	0.00	0.00	1.050	15.000	44.800	8.3300	35.200	7.9500	127 	28  	1000000000.000000	0
3	92	0     	0.00	0.00	1.050	15.000	44.800	8.3300	35.200	7.9500	127 	28  	1000000000.000000	0
4	93	0     	0.00	0.00	1.050	15.000	44.800	8.3300	35.200	7.9500	127 	28  	1000000000.000000	0
5	94	0     	0.00	0.00	1.050	15.000	44.800	8.3300	35.200	7.9500	127 	28  	1000000000.000000	0
6	95	0     	0.00	0.00	1.050	15.000	44.800	8.3300	35.200	7.9500	127 	28  	1000000000.000000	0
7	96	0     	0.00	0.00	1.050	15.000	44.800	8.3300	35.200	7.9500	127 	28  	1000000000.000000	0
8	97	0     	0.00	0.00	1.050	15.000	44.800	8.3300	35.200	7.9500	127 	28  	1000000000.000000	0
9	98	0     	0.00	0.00	1.050	15.000	44.800	8.3300	35.200	7.9500	127 	28  	1000000000.000000	0
10	99	0     	0.00	0.00	1.050	15.000	44.800	8.3300	35.200	7.9500	127 	28  	1000000000.000000	0
11	100	0     	0.00	0.00	1.050	15.000	44.800	8.3300	35.200	7.9500	127 	28  	1000000000.000000	0
];



% NAME; Wind Turbine Name
% BASE; Wind Turbine Rated Voltage (kV)
% ID; Identifier in mpc.mode_id
% T1; Measurement Time Constant (s)
% KPUDC; Proportional Coefficient of DC Voltage PI Control
% KIUDC; Integral Coefficient of DC Voltage PI Control
% MAXID; Maximum Limit of PI Control Loop (Common)
% MINID; Minimum Limit of PI Control Loop (Common)
% TPC; Time Constant (s)
% PMAX; Maximum Power Limit (pu; per unit relative to rated power)
% PMIN; Minimum Power Limit (pu; per unit relative to rated power)
% dP/dtMAX; Maximum Power Ramp Rate (pu/s; per unit relative to rated power)
% dP/dtMIN; Minimum Power Ramp Rate (pu/s; per unit relative to rated power)
% PCON_TYP; Power Control Mode; =0; Constant DC Voltage Control (for detailed calculation); =1; Constant Power Control (for simplified calculation)
% KPP; Proportional Coefficient of Constant Power PI Control Loop
% KIP; Time Constant of Constant Power PI Control Loop (s)

EU = [ 
1	90	0     	0.0200	2.0000	0.1000	2.0000	-1.000	0.0000	0.0000	0.0000	0.0000	0.0000	0	0.0000	0.0000
2	91	0     	0.0200	3.0000	0.1000	2.0000	-1.000	0.0000	0.0000	0.0000	0.0000	0.0000	0	0.0000	0.0000
3	92	0     	0.0200	3.0000	0.1000	2.0000	-1.000	0.0000	0.0000	0.0000	0.0000	0.0000	0	0.0000	0.0000
4	93	0     	0.0200	2.0000	0.1000	2.0000	-1.000	0.0000	0.0000	0.0000	0.0000	0.0000	0	0.0000	0.0000
5	94	0     	0.0200	3.0000	0.1000	2.0000	-1.000	0.0000	0.0000	0.0000	0.0000	0.0000	0	0.0000	0.0000
6	95	0     	0.0200	3.0000	0.1000	2.0000	-1.000	0.0000	0.0000	0.0000	0.0000	0.0000	0	0.0000	0.0000
7	96	0     	0.0200	3.0000	0.1000	2.0000	-1.000	0.0000	0.0000	0.0000	0.0000	0.0000	0	0.0000	0.0000
8	97	0     	0.0200	3.0000	0.1000	2.0000	-1.000	0.0000	0.0000	0.0000	0.0000	0.0000	0	0.0000	0.0000
9	98	0     	0.0200	3.0000	0.1000	2.0000	-1.000	0.0000	0.0000	0.0000	0.0000	0.0000	0	0.0000	0.0000
10	99	0     	0.0200	3.0000	0.1000	2.0000	-1.000	0.0000	0.0000	0.0000	0.0000	0.0000	0	0.0000	0.0000
11	100	0     	0.0200	3.0000	0.1000	2.0000	-1.000	0.0000	0.0000	0.0000	0.0000	0.0000	0	0.0000	0.0000
12	116	0     	0.0200	2.0000	0.1000	1.0000	-1.000	0.0000	0.0000	0.0000	0.0000	0.0000	0	0.0000	0.0000
];



% Bus Name; Wind Turbine Name
% Bus Base(kV); Wind Turbine Base Voltage
% ID; Wind Turbine Identifier in mpc.mode_id
% RC; Voltage Compensation Resistance (pu)
% XC; Voltage Compensation Reactance (pu)
% TR; Voltage Measurement Time Constant (s)
% KPV; Proportional Coefficient of Voltage Control Loop
% KPI; Integral Coefficient of Voltage Control Loop
% QMAX; Maximum Reactive Power Limit (pu)
% QMIN; Minimum Reactive Power Limit (pu)
% TV; Time Constant (s)
% TPV; Time Constant (s)
% IPF; =0; Voltage Control Mode; =1; Constant Power Factor Control Mode
% TPE; Time Constant (s)
% NAME; Control Node Name + BASE; Control Node Base Voltage (kV) in mpc.bus_name

EZ = [ 
1	90	0     	0.0000	0.0000	0.0200	18.000	5.0000	0.4360	-0.436	0.1500	0.0500	1	0.0000	0
2	91	0     	0.0000	0.0000	0.0200	18.000	5.0000	0.4360	-0.436	0.1500	0.0500	1	0.0000	0
3	92	0     	0.0000	0.0000	0.0200	18.000	5.0000	0.4360	-0.436	0.1500	0.0500	1	0.0000	0
4	93	0     	0.0000	0.0000	0.0200	18.000	5.0000	0.4360	-0.436	0.1500	0.0500	1	0.0000	0
5	94	0     	0.0000	0.0000	0.0200	18.000	5.0000	0.4360	-0.436	0.1500	0.0500	1	0.0000	0
6	95	0     	0.0000	0.0000	0.0200	18.000	5.0000	0.4360	-0.436	0.1500	0.0500	1	0.0000	0
7	96	0     	0.0000	0.0000	0.0200	18.000	5.0000	0.4360	-0.436	0.1500	0.0500	1	0.0000	0
8	97	0     	0.0000	0.0000	0.0200	18.000	5.0000	0.4360	-0.436	0.1500	0.0500	1	0.0000	0
9	98	0     	0.0000	0.0000	0.0200	18.000	5.0000	0.4360	-0.436	0.1500	0.0500	1	0.0000	0
10	99	0     	0.0000	0.0000	0.0200	18.000	5.0000	0.4360	-0.436	0.1500	0.0500	1	0.0000	0
11	100	0     	0.0000	0.0000	0.0200	18.000	5.0000	0.4360	-0.436	0.1500	0.0500	1	0.0000	0
12	116	0     	0.0000	0.0000	0.0200	18.000	5.0000	1.1000	-1.100	0.0200	0.0000	1	0.0000	0
13	117	0     	0.0000	0.0000	0.0200	18.000	5.0000	1.1000	-1.100	0.0200	0.0000	1	0.0000	0
14	118	0     	0.0000	0.0000	0.0200	18.000	5.0000	1.1000	-1.100	0.0200	0.0000	1	0.0000	0
15	119	0     	0.0000	0.0000	0.0200	18.000	5.0000	1.1000	-1.100	0.0200	0.0000	1	0.0000	0
16	120	0     	0.0000	0.0000	0.0200	18.000	5.0000	1.1000	-1.100	0.0200	0.0000	1	0.0000	0
17	121	0     	0.0000	0.0000	0.0200	18.000	5.0000	1.1000	-1.100	0.0200	0.0000	1	0.0000	0
18	122	0     	0.0000	0.0000	0.0200	18.000	5.0000	1.1000	-1.100	0.0200	0.0000	1	0.0000	0
19	123	0     	0.0000	0.0000	0.0200	18.000	5.0000	1.1000	-1.100	0.0200	0.0000	1	0.0000	0
20	124	0     	0.0000	0.0000	0.0200	18.000	5.0000	1.1000	-1.100	0.0200	0.0000	1	0.0000	0
];



% NAME; Wind Turbine Name
% BASE; Wind Turbine Rated Voltage (kV)
% ID; Identifier in mpc.mode_id
% IMAX; Maximum Current Limit (pu; based on rated capacity)
% Idmax; Maximum Active Current Limit (pu; based on rated capacity)
% Iqmax; Maximum Reactive Current Limit (pu; based on rated capacity)
% IPQ_LOW; Reactive Power Priority Flag during Low Voltage (=0; Reactive Power Priority; =1; Active Power Priority)
% IPQ_HIGH; Reactive Power Priority Flag during High Voltage (=0; Active Power Priority; =1; Reactive Power Priority)
% IMAX_FLG; Total Current Limit Mode during Low Voltage Ride Through (=0; Unchanged; =1; Set by Initial Value Ratio)
% IMAX_PER; Maximum Current Limit Ratio during Low Voltage Ride Through
% KQP; Proportional Coefficient of Reactive Power Control (pu; based on rated capacity)
% KQI; Integral Coefficient of Reactive Power Control (pu; based on rated capacity)
% dQmax; Maximum Limitation of Reactive Power Control Loop (pu; based on rated capacity)
% dQmin; Minimum Limitation of Reactive Power Control Loop (pu; based on rated capacity)
% Tdelay; Current Injection Time Delay (s)

