
% 1.模型序号
% 2.busname 在 mpc.bus_name 中的序号
% ID，风电机识别码 在 mpc.mode_id 中的索引
% PPER，有功发电比例（0~1）
% QPER，无功发电比例（0~1）
% MVA，单个光伏阵列的额定容量（MVA）
% T，实际温度（°C；缺省25）
% Uoc，单体电池标准条件下的开路电压（V）
% Isc，单体电池标准条件下的短路电流（A）
% Upmax，最大功率点的电压（V）
% Ipmax，最大功率点的电流（A）
% ISHT，光伏阵列的并联电池组数
% ISER，光伏阵列每组光伏电池组的串联单体光伏电池数
% C，直流侧电容大小（mF）
% NM，组数

MS = [ 
1	53	0     	0.00	0.00	1.050	15.000	44.800	8.3300	35.200	7.9500	127 	28  	1000000000.000000	300
2	54	0     	0.00	0.00	1.050	15.000	44.800	8.3300	35.200	7.9500	127 	28  	1000000000.000000	300
3	55	0     	0.00	0.00	1.050	15.000	44.800	8.3300	35.200	7.9500	127 	28  	1000000000.000000	300
4	56	0     	0.00	0.00	1.050	15.000	44.800	8.3300	35.200	7.9500	127 	28  	1000000000.000000	300
5	57	0     	0.00	0.00	1.050	15.000	44.800	8.3300	35.200	7.9500	127 	28  	1000000000.000000	300
6	58	0     	0.00	0.00	1.050	15.000	44.800	8.3300	35.200	7.9500	127 	28  	1000000000.000000	300
];



% NAME；风电机组名称
% BASE；风电机组额定电压（kV）
% ID；识别码 在 mpc.mode_id 中的索引
% T1；测量时间常数（秒）
% KPUDC；直流电压PI控制比例系数
% KIUDC；直流电压PI控制积分系数
% MAXID；PI控制环节最大限幅（共用）
% MINID；PI控制环节最小限幅（共用）
% TPC；时间常数（s）
% PMAX；功率最大限制（pu；相对额定功率的标么值）
% PMIN；功率最小限制（pu；相对额定功率的标么值）
% dP/dtMAX；功率最大变化率（pu/s；相对额定功率的标么值）
% dP/dtMIN；功率最小变化率（pu/s；相对额定功率的标么值）
% PCON_TYP；功率控制方式；=0；定直流电压控制（详细计算使用）；=1；恒功率控制（简化计算使用）
% KPP；恒功率PI控制环节系数
% KIP；恒功率PI控制环节时间常数（秒）

EU = [ 
1	79	0     	0.0200	2.0000	0.1000	1.0000	-1.000	0.0000	0.0000	0.0000	0.0000	0.0000	0	0.0000	0.0000
2	80	0     	0.0200	2.0000	0.1000	1.0000	-1.000	0.0000	0.0000	0.0000	0.0000	0.0000	0	0.0000	0.0000
3	81	0     	0.0200	2.0000	0.1000	1.0000	-1.000	0.0000	0.0000	0.0000	0.0000	0.0000	0	0.0000	0.0000
4	82	0     	0.0200	2.0000	0.1000	1.0000	-1.000	0.0000	0.0000	0.0000	0.0000	0.0000	0	0.0000	0.0000
5	83	0     	0.0200	2.0000	0.1000	1.0000	-1.000	0.0000	0.0000	0.0000	0.0000	0.0000	0	0.0000	0.0000
6	84	0     	0.0200	2.0000	0.1000	1.0000	-1.000	0.0000	0.0000	0.0000	0.0000	0.0000	0	0.0000	0.0000
7	85	0     	0.0200	2.0000	0.1000	1.0000	-1.000	0.0000	0.0000	0.0000	0.0000	0.0000	0	0.0000	0.0000
8	86	0     	0.0200	2.0000	0.1000	1.0000	-1.000	0.0000	0.0000	0.0000	0.0000	0.0000	0	0.0000	0.0000
9	53	0     	0.0200	2.0000	0.1000	1.0000	-1.000	0.0000	0.0000	0.0000	0.0000	0.0000	0	0.0000	0.0000
10	54	0     	0.0200	2.0000	0.1000	1.0000	-1.000	0.0000	0.0000	0.0000	0.0000	0.0000	0	0.0000	0.0000
11	55	0     	0.0200	2.0000	0.1000	1.0000	-1.000	0.0000	0.0000	0.0000	0.0000	0.0000	0	0.0000	0.0000
12	56	0     	0.0200	2.0000	0.1000	1.0000	-1.000	0.0000	0.0000	0.0000	0.0000	0.0000	0	0.0000	0.0000
13	57	0     	0.0200	2.0000	0.1000	1.0000	-1.000	0.0000	0.0000	0.0000	0.0000	0.0000	0	0.0000	0.0000
14	58	0     	0.0200	2.0000	0.1000	1.0000	-1.000	0.0000	0.0000	0.0000	0.0000	0.0000	0	0.0000	0.0000
];



% 1.模型序号
% 2.busname 在 mpc.bus_name 中的序号
% ID；风电机识别码 在 mpc.mode_id 中的索引
% RC；电压补偿电阻标么值
% XC；电压补偿电抗标么值
% TR；电压测量时间常数(s)
% KPV；比例环节系数
% KPI；积分环节系数
% QMAX；无功最大限制(pu)
% QMIN；无功最小限制(pu)
% TV；时间常数(s)
% TPV；时间常数(s)
% IPF；=0；电压控制方式；=1采用恒功率因数控制方式
% TPE；时间常数(s)
% NAME；控制节点名称 + BASE；控制节点基准电压（kV）在 mpc.bus_name 中的索引

EZ = [ 
1	79	0     	0.0000	0.0000	0.0200	18.000	5.0000	1.1000	-1.100	0.0200	0.0000	1	0.0000	0
2	80	0     	0.0000	0.0000	0.0200	18.000	5.0000	1.1000	-1.100	0.0200	0.0000	1	0.0000	0
3	81	0     	0.0000	0.0000	0.0200	18.000	5.0000	1.1000	-1.100	0.0200	0.0000	1	0.0000	0
4	82	0     	0.0000	0.0000	0.0200	18.000	5.0000	1.1000	-1.100	0.0200	0.0000	1	0.0000	0
5	83	0     	0.0000	0.0000	0.0200	18.000	5.0000	1.1000	-1.100	0.0200	0.0000	1	0.0000	0
6	84	0     	0.0000	0.0000	0.0200	18.000	5.0000	1.1000	-1.100	0.0200	0.0000	1	0.0000	0
7	85	0     	0.0000	0.0000	0.0200	18.000	5.0000	1.1000	-1.100	0.0200	0.0000	1	0.0000	0
8	86	0     	0.0000	0.0000	0.0200	18.000	5.0000	1.1000	-1.100	0.0200	0.0000	1	0.0000	0
9	53	0     	0.0000	0.0000	0.0200	18.000	5.0000	0.4360	-0.436	0.1500	0.0500	1	0.0000	0
10	54	0     	0.0000	0.0000	0.0200	18.000	5.0000	0.4360	-0.436	0.1500	0.0500	1	0.0000	0
11	55	0     	0.0000	0.0000	0.0200	18.000	5.0000	0.4360	-0.436	0.1500	0.0500	1	0.0000	0
12	56	0     	0.0000	0.0000	0.0200	18.000	5.0000	0.4360	-0.436	0.1500	0.0500	1	0.0000	0
13	57	0     	0.0000	0.0000	0.0200	18.000	5.0000	0.4360	-0.436	0.1500	0.0500	1	0.0000	0
14	58	0     	0.0000	0.0000	0.0200	18.000	5.0000	0.4360	-0.436	0.1500	0.0500	1	0.0000	0
];



% NAME；风电机组名称
% BASE；风电机组额定电压（kV）
% ID；识别码 在 mpc.mode_id 中的索引
% IMAX；最大电流限制（pu；本机额定容量为基准）
% Idmax；有功电流最大限制（pu；本机额定容量为基准）
% Iqmax；无功电流最大限制（pu；本机额定容量为基准）
% IPQ_LOW；低电压期间无功控制优先标志（=0；无功优先；=1；有功优先）
% IPQ_HIGH；高电压期间无功控制优先标志（=0；有功优先；=1；无功优先）
% IMAX_FLG；低电压穿越期间总电流限制方式（=0；不变；=1；按照初值的比例设定）
% IMAX_PER；低穿期间最大电流限制与初始电流的比例
% KQP；无功控制比例系数（pu；本机额定容量为基准）
% KQI；无功控制积分系数（pu；本机额定容量为基准）
% dQmax；无功控制环节限幅最大值（pu；本机额定容量为基准）
% dQmin；无功控制环节限幅最小值（pu；本机额定容量为基准）
% Tdelay；电流注入时间延时（s）

ES = [ 
1	79	0     	1.1000	1.1000	1.1000	0	1	0	0.0000	0.0000	0.0000	0.0000	0.0000	0.0000
2	80	0     	1.1000	1.1000	1.1000	0	1	0	0.0000	0.0000	0.0000	0.0000	0.0000	0.0000
3	81	0     	1.1000	1.1000	1.1000	0	1	0	0.0000	0.0000	0.0000	0.0000	0.0000	0.0000
4	82	0     	1.1000	1.1000	1.1000	0	1	0	0.0000	0.0000	0.0000	0.0000	0.0000	0.0000
5	83	0     	1.1000	1.1000	1.1000	0	1	0	0.0000	0.0000	0.0000	0.0000	0.0000	0.0000
6	84	0     	1.1000	1.1000	1.1000	0	1	0	0.0000	0.0000	0.0000	0.0000	0.0000	0.0000
7	85	0     	1.1000	1.1000	1.1000	0	1	0	0.0000	0.0000	0.0000	0.0000	0.0000	0.0000
8	86	0     	1.1000	1.1000	1.1000	0	1	0	0.0000	0.0000	0.0000	0.0000	0.0000	0.0000
9	53	0     	1.2000	1.2000	1.2000	0	0	0	0.0000	0.0000	0.0000	0.0000	0.0000	0.0000
10	54	0     	1.2000	1.2000	1.2000	0	0	0	0.0000	0.0000	0.0000	0.0000	0.0000	0.0000
11	55	0     	1.2000	1.2000	1.2000	0	0	0	0.0000	0.0000	0.0000	0.0000	0.0000	0.0000
12	56	0     	1.2000	1.2000	1.2000	0	0	0	0.0000	0.0000	0.0000	0.0000	0.0000	0.0000
13	57	0     	1.2000	1.2000	1.2000	0	0	0	0.0000	0.0000	0.0000	0.0000	0.0000	0.0000
14	58	0     	1.2000	1.2000	1.2000	0	0	0	0.0000	0.0000	0.0000	0.0000	0.0000	0.0000
];



% NAME 风电机组名称
% BASE 风电机组额定电压（kV）
% ID；识别码 在 mpc.mode_id 中的索引
% VOL_TYP；判断故障穿越的电压类型（=0；正序电压；=1；最小或最大相电压）
% VOL_LOW；判断进入低电压穿越状态的电压值（pu）
% VOL_LOW_RET；判断退出低电压穿越状态的电压值（pu）
% VOL_LOW_DELAY；低电压判断时间（周波）
% VOL_HIGH；判断进入高电压穿越状态的电压值（pu）
% VOL_HIGH_RET；判断退出高电压穿越状态的电压值（pu）
% VOL_HIGH_DELAY；高电压判断时间（周波）

EV = [ 
1	79	0     	0	0.9000	0.9000	0.0000	2.0000	2.0000	0.0000
2	80	0     	0	0.9000	0.9000	0.0000	2.0000	2.0000	0.0000
3	81	0     	0	0.9000	0.9000	0.0000	2.0000	2.0000	0.0000
4	82	0     	0	0.9000	0.9000	0.0000	2.0000	2.0000	0.0000
5	83	0     	0	0.9000	0.9000	0.0000	2.0000	2.0000	0.0000
6	84	0     	0	0.9000	0.9000	0.0000	2.0000	2.0000	0.0000
7	85	0     	0	0.9000	0.9000	0.0000	2.0000	2.0000	0.0000
8	86	0     	0	0.9000	0.9000	0.0000	2.0000	2.0000	0.0000
9	53	0     	0	0.9000	0.9000	0.0000	2.0000	2.0000	0.0000
10	54	0     	0	0.9000	0.9000	0.0000	2.0000	2.0000	0.0000
11	55	0     	0	0.9000	0.9000	0.0000	2.0000	2.0000	0.0000
12	56	0     	0	0.9000	0.9000	0.0000	2.0000	2.0000	0.0000
13	57	0     	0	0.9000	0.9000	0.0000	2.0000	2.0000	0.0000
14	58	0     	0	0.9000	0.9000	0.0000	2.0000	2.0000	0.0000
];
