function mpc = PFO1
%   MATPOWER 

%% MATPOWER Case Format : Version 2 
mpc.version = '2';

%%-----  Power Flow Data  -----%% 
%% system MVA base
mpc.baseMVA = 100; 

%% bus data 
%	bus_i	type	Pd	Qd	Gs	Bs	area	Vm	Va	baseKV	zone	Vmax	Vmin
mpc.bus = [
    1    1    0    0    0    0        1    1.006634796819109    -6.999774009970491    1    1    1.06    0.94;
    2    1    0    0    0    0        1    1.00586477743824    -5.945781598189983    1    1    1.06    0.94;
    3    1    0    0    0    0        1    1.006506076185994    -6.262235781111545    1    1    1.06    0.94;
    4    1    0    0    0    0        1    1.006368622709685    -6.700569194366773    1    1    1.06    0.94;
    5    1    0    0    0    0        1    1.0062850225578    -6.617010257243644    1    1    1.06    0.94;
    6    1    0    0    0    0        1    1.005756452919714    -7.223055401603951    1    1    1.06    0.94;
    7    1    0    0    0    0        1    1.005756452919714    -7.223055401603951    1    1    1.06    0.94;
    8    1    0    0    0    1865        1    1.006712309220301    -7.208967198212696    1    1    1.06    0.94;
    9    1    0    0    0    1865        1    1.000072508553944    0.204136182622888    1    1    1.06    0.94;
    10    1    260    70    0    0        1    0.9950513209760158    -2.345476819657494    1    1    1.06    0.94;
    11    1    260    70    0    0        1    0.9962714870969429    -3.741791745801282    1    1    1.06    0.94;
    12    1    50    32    0    0        1    1.002051579520802    -7.398978738806125    1    1    1.06    0.94;
    13    1    230    30    0    0        1    1.001387285908288    -8.545583607729721    1    1    1.06    0.94;
    14    1    230    30    0    0        1    1.001303228488372    -8.462332005078228    1    1    1.06    0.94;
    15    1    400    70    0    0        1    0.9938055829465593    -10.458360383825    1    1    1.06    0.94;
    16    1    400    70    0    0        1    0.9938055829465593    -10.458360383825    1    1    1.06    0.94;
    17    1    0    0    0    0        1    0.9967445382097175    -0.8213975748463329    1    1    1.06    0.94;
    18    1    0    0    0    0        1    0.9967445382097175    -0.8213975748463329    1    1    1.06    0.94;
    19    1    0    0    0    0        1    0.9967445382097175    -0.8213975748463329    1    1    1.06    0.94;
    20    1    0    0    0    0        1    0.9967445382097175    -0.8213975748463329    1    1    1.06    0.94;
    21    1    0    0    0    0        1    0.9971314131892889    -2.213374540338364    1    1    1.06    0.94;
    22    1    0    0    0    0        1    0.9971314131892889    -2.213374540338364    1    1    1.06    0.94;
    23    1    0    0    0    0        1    0.9971314131892889    -2.213374540338364    1    1    1.06    0.94;
    24    1    0    0    0    0        1    0.9938148152066364    -1.940307355673687    1    1    1.06    0.94;
    25    1    0    0    0    0        1    0.9938148152066364    -1.940307355673687    1    1    1.06    0.94;
    26    1    0    0    0    0        1    0.9938148152066364    -1.940307355673687    1    1    1.06    0.94;
    27    1    0    0    0    0        1    0.9950557960350227    -3.458993200340617    1    1    1.06    0.94;
    28    1    0    0    0    0        1    0.9950557960350227    -3.458993200340617    1    1    1.06    0.94;
    29    1    0    0    0    0        1    0.9950557960350227    -3.458993200340617    1    1    1.06    0.94;
    30    1    0    0    0    0        1    1.001572252569668    -7.444991954492178    1    1    1.06    0.94;
    31    1    0    0    0    0        1    1.001035437094304    -8.754150532804514    1    1    1.06    0.94;
    32    1    0    0    0    0        1    1.000951332900116    -8.670934015193538    1    1    1.06    0.94;
    33    1    0    0    0    0        1    0.9929145291781379    -10.82736121311148    1    1    1.06    0.94;
    34    1    0    0    0    0        1    0.9929145291781379    -10.82736121311148    1    1    1.06    0.94;
    35    1    0    0    0    20        1    0.9974206787682981    3.21615277876608    1    1    1.06    0.94;
    36    1    0    0    0    0        1    0.9903195768788166    3.24515267142952    1    1    1.06    0.94;
    37    1    0    0    0    20        1    0.9974206787682981    3.21615277876608    1    1    1.06    0.94;
    38    1    0    0    0    0        1    0.9903195768788166    3.24515267142952    1    1    1.06    0.94;
    39    1    0    0    0    20        1    0.9974206787682981    3.21615277876608    1    1    1.06    0.94;
    40    1    0    0    0    0        1    0.9903195768788166    3.24515267142952    1    1    1.06    0.94;
    41    1    0    0    0    20        1    0.9974206787682981    3.21615277876608    1    1    1.06    0.94;
    42    1    0    0    0    0        1    0.9903195768788166    3.24515267142952    1    1    1.06    0.94;
    43    1    0    0    0    0        1    0.9920383134742164    1.844540671345264    1    1    1.06    0.94;
    44    1    0    0    0    0        1    0.9920383134742164    1.844540671345264    1    1    1.06    0.94;
    45    1    0    0    0    0        1    0.9920383134742164    1.844540671345264    1    1    1.06    0.94;
    46    1    0    0    0    0        1    0.9920383134742164    1.844540671345264    1    1    1.06    0.94;
    47    1    0    0    0    0        1    0.9920383134742164    1.844540671345264    1    1    1.06    0.94;
    48    1    0    0    0    0        1    0.9920383134742164    1.844540671345264    1    1    1.06    0.94;
    49    1    0    0    0    0        1    0.9325486512177947    -14.17893873960784    1    2    1.06    0.94;
    50    1    0    0    0    0        1    0.9546005236597989    6.619904548818008    1    2    1.06    0.94;
    51    1    0    0    0    0        1    0.9325486512177947    -14.17893873960784    1    2    1.06    0.94;
    52    1    0    0    0    0        1    0.9546005236597989    6.619904548818008    1    2    1.06    0.94;
    53    1    0    0    0    0        1    0.9913690532022976    3.949309010669722    1    1    1.06    0.94;
    54    1    0    0    0    0        1    0.9913690532022976    3.949309010669722    1    1    1.06    0.94;
    55    1    0    0    0    0        1    0.9913690532022976    3.949309010669722    1    1    1.06    0.94;
    56    1    0    0    0    0        1    0.9913690532022976    3.949309010669722    1    1    1.06    0.94;
    57    1    0    0    0    0        1    0.9913690532022976    3.949309010669722    1    1    1.06    0.94;
    58    1    0    0    0    0        1    0.9913690532022976    3.949309010669722    1    1    1.06    0.94;
    59    3    0    0    0    0        1    1    0    1    3    1.06    0.94;
    60    2    0    0    0    -25.499        1    0.9999999876955746    -5.941279206710917    1    4    1.06    0.94;
    61    1    0    0    0    0        1    0.9938148152066364    -1.940307355673687    1    1    1.06    0.94;
    62    1    0    0    0    0        1    0.9938148152066364    -1.940307355673687    1    1    1.06    0.94;
    63    1    0    0    0    0        1    0.9938148152066364    -1.940307355673687    1    1    1.06    0.94;
    64    1    0    0    0    0        1    0.9950557960350227    -3.458993200340617    1    1    1.06    0.94;
    65    1    0    0    0    0        1    0.9950557960350227    -3.458993200340617    1    1    1.06    0.94;
    66    1    0    0    0    0        1    0.9950557960350227    -3.458993200340617    1    1    1.06    0.94;
    67    1    0    0    0    0        1    1.001572252569668    -7.444991954492178    1    1    1.06    0.94;
    68    1    0    0    0    0        1    1.001035437094304    -8.754150532804514    1    1    1.06    0.94;
