function mpc = PFO3
%   MATPOWER 

%% MATPOWER Case Format : Version 2 
mpc.version = '2';

%%-----  Power Flow Data  -----%% 
%% system MVA base
mpc.baseMVA = 100; 

%% bus data 
%	bus_i	type	Pd	Qd	Gs	Bs	area	Vm	Va	baseKV	zone	Vmax	Vmin
mpc.bus = [
    1    1    0    0    0    0        1    1.004500069906418    -2.445038862153583    1    1    1.06    0.94;
    2    1    0    0    0    0        1    1.005526558194628    -1.394206884180431    1    1    1.06    0.94;
    3    1    0    0    0    0        1    1.006052561427757    -1.710962531943178    1    1    1.06    0.94;
    4    1    0    0    0    0        1    1.004084319045555    -2.107208831257291    1    1    1.06    0.94;
    5    1    0    0    0    0        1    1.004069227631103    -2.094868003183938    1    1    1.06    0.94;
    6    1    0    0    0    0        1    1.003617592146853    -2.669265029344544    1    1    1.06    0.94;
    7    1    0    0    0    0        1    1.003617592146853    -2.669265029344544    1    1    1.06    0.94;
    8    1    0    0    0    1670        1    1.004372970225868    -2.655164986120274    1    1    1.06    0.94;
    9    1    0    0    0    1670        1    0.9998768873516375    0.2041761210743158    1    1    1.06    0.94;
    10    1    260    70    0    0        1    0.9936743622122336    2.212625215053887    1    1    1.06    0.94;
    11    1    260    70    0    0        1    0.9958036477284757    0.8117960688027309    1    1    1.06    0.94;
    12    1    50    32    0    0        1    0.9999069229843357    -2.845950003034628    1    1    1.06    0.94;
    13    1    230    30    0    0        1    0.9990891621056671    -3.960676233196796    1    1    1.06    0.94;
    14    1    230    30    0    0        1    0.9990739952595064    -3.948391499929794    1    1    1.06    0.94;
    15    1    400    70    0    0        1    0.9916336487119778    -5.918581025682884    1    1    1.06    0.94;
    16    1    400    70    0    0        1    0.9916336487119778    -5.918581025682884    1    1    1.06    0.94;
    17    1    0    0    0    0        1    0.9953547902826633    3.741064280531509    1    1    1.06    0.94;
    18    1    0    0    0    0        1    0.9940120436867317    3.754124092410724    1    1    1.06    0.94;
    19    1    0    0    0    0        1    0.9953547902826633    3.741064280531509    1    1    1.06    0.94;
    20    1    0    0    0    0        1    0.9953547902826633    3.741064280531509    1    1    1.06    0.94;
    21    1    0    0    0    0        1    0.9966606042781683    2.341678736446464    1    1    1.06    0.94;
    22    1    0    0    0    0        1    0.9966606042781683    2.341678736446464    1    1    1.06    0.94;
    23    1    0    0    0    0        1    0.9966606042781683    2.341678736446464    1    1    1.06    0.94;
    24    1    0    0    0    0        1    0.9923221090253472    2.618747005435676    1    1    1.06    0.94;
    25    1    0    0    0    0        1    0.9923221090253472    2.618747005435676    1    1    1.06    0.94;
    26    1    0    0    0    0        1    0.9923221090253472    2.618747005435676    1    1    1.06    0.94;
    27    1    0    0    0    0        1    0.9945864329511555    1.094857629451773    1    1    1.06    0.94;
    28    1    0    0    0    0        1    0.9945864329511555    1.094857629451773    1    1    1.06    0.94;
    29    1    0    0    0    0        1    0.9945864329511555    1.094857629451773    1    1    1.06    0.94;
    30    1    0    0    0    0        1    0.9994265673696198    -2.892161264328299    1    1    1.06    0.94;
    31    1    0    0    0    0        1    0.9987365456155382    -4.170204194018669    1    1    1.06    0.94;
    32    1    0    0    0    0        1    0.9987213818371143    -4.157925817309574    1    1    1.06    0.94;
    33    1    0    0    0    0        1    0.9907407023558785    -6.289202072811309    1    1    1.06    0.94;
    34    1    0    0    0    0        1    0.9907407023558785    -6.289202072811309    1    1    1.06    0.94;
    35    1    0    0    0    20        1    0.9959938268042776    7.790063323203338    1    1    1.06    0.94;
    36    1    0    0    0    0        1    0.988902165343996    7.819148142768085    1    1    1.06    0.94;
    37    1    0    0    0    0        1    0.9875325633111393    7.843399698301443    1    1    1.06    0.94;
    38    1    0    0    0    0        1    0.9875325633111393    7.843399698301443    1    1    1.06    0.94;
    39    1    0    0    0    20        1    0.9959938268042776    7.790063323203338    1    1    1.06    0.94;
    40    1    0    0    0    0        1    0.988902165343996    7.819148142768085    1    1    1.06    0.94;
    41    1    0    0    0    0        1    0.988902165343996    7.819148142768085    1    1    1.06    0.94;
    42    1    0    0    0    20        1    0.9959938268042776    7.790063323203338    1    1    1.06    0.94;
    43    1    0    0    0    0        1    0.991560162460983    6.403475082382979    1    1    1.06    0.94;
    44    1    0    0    0    0        1    0.991560162460983    6.403475082382979    1    1    1.06    0.94;
    45    1    0    0    0    0        1    0.991560162460983    6.403475082382979    1    1    1.06    0.94;
    46    1    0    0    0    0        1    0.991560162460983    6.403475082382979    1    1    1.06    0.94;
    47    1    0    0    0    0        1    0.991560162460983    6.403475082382979    1    1    1.06    0.94;
    48    1    0    0    0    0        1    0.991560162460983    6.403475082382979    1    1    1.06    0.94;
    49    1    0    0    0    0        1    0.9325486522421572    -9.625136698705129    1    2    1.06    0.94;
    50    1    0    0    0    0        1    0.954600481689388    6.619944908130803    1    2    1.06    0.94;
    51    1    0    0    0    0        1    0.9325486522421572    -9.625136698705129    1    2    1.06    0.94;
    52    1    0    0    0    0        1    0.954600481689388    6.619944908130803    1    2    1.06    0.94;
    53    1    0    0    0    0        1    0.9908898719384575    8.510277265082584    1    1    1.06    0.94;
    54    1    0    0    0    0        1    0.9908898719384575    8.510277265082584    1    1    1.06    0.94;
    55    1    0    0    0    0        1    0.9908898719384575    8.510277265082584    1    1    1.06    0.94;
    56    1    0    0    0    0        1    0.9908898719384575    8.510277265082584    1    1    1.06    0.94;
    57    1    0    0    0    0        1    0.9908898719384575    8.510277265082584    1    1    1.06    0.94;
    58    1    0    0    0    0        1    0.9908898719384575    8.510277265082584    1    1    1.06    0.94;
    59    3    0    0    0    0        1    1    0    1    3    1.06    0.94;
    60    2    0    0    0    61.6936        1    1.019999936026148    -1.405322462889529    1    4    1.06    0.94;
    61    2    0    0    0    61.6936        1    1.019999936026148    -1.405322462889529    1    4    1.06    0.94;
    62    2    0    0    0    59.452        1    1.020000054134649    -1.721668697567774    1    4    1.06    0.94;
    63    2    0    0    0    59.452        1    1.020000054134649    -1.721668697567774    1    4    1.06    0.94;
    64    1    0    0    0    0        1    0.9923221090253472    2.618747005435676    1    1    1.06    0.94;
    65    1    0    0    0    0        1    0.9923221090253472    2.618747005435676    1    1    1.06    0.94;
    66    1    0    0    0    0        1    0.9923221090253472    2.618747005435676    1    1    1.06    0.94;
    67    1    0    0    0    0        1    0.9945864329511555    1.094857629451773    1    1    1.06    0.94;
    68    1    0    0    0    0        1    0.9945864329511555    1.094857629451773    1    1    1.06    0.94;
