
% 1.模型序号
% 2.busname 在 mpc.bus_name 中的序号
% 3.ID，风电机识别码 在 mpc.mode_id 中的索引
% 4.PPER，有功发电比例（0~1）
% 5.QPER，无功发电比例（0~1）
% 6.MVA，单个光伏阵列的额定容量（MVA）
% 7.T，实际温度（°C；缺省25）
% 8.Uoc，单体电池标准条件下的开路电压（V）
% 9.Isc，单体电池标准条件下的短路电流（A）
% 10.Upmax，最大功率点的电压（V）
% 11.Ipmax，最大功率点的电流（A）
% 12.ISHT，光伏阵列的并联电池组数
% 13.ISER，光伏阵列每组光伏电池组的串联单体光伏电池数
% 14.C，直流侧电容大小（mF）
% 15.NM，组数

MS = [ 
1	48	0     	0.00	0.00	1.050	15.000	44.800	8.3300	35.200	7.9500	127 	28  	1000000000.000000	300
2	49	0     	0.00	0.00	1.050	15.000	44.800	8.3300	35.200	7.9500	127 	28  	1000000000.000000	300
3	50	0     	0.00	0.00	1.050	15.000	44.800	8.3300	35.200	7.9500	127 	28  	1000000000.000000	300
4	51	0     	0.00	0.00	1.050	15.000	44.800	8.3300	35.200	7.9500	127 	28  	1000000000.000000	300
5	52	0     	0.00	0.00	1.050	15.000	44.800	8.3300	35.200	7.9500	127 	28  	1000000000.000000	300
];



% NAME；风电机组名称
% BASE；风电机组额定电压（kV）
% ID；识别码 在 mpc.mode_id 中的索引
% T1；测量时间常数（秒）
% KPUDC；直流电压PI控制比例系数
% KIUDC；直流电压PI控制积分系数
% MAXID；PI控制环节最大限幅（共用）
% MINID；PI控制环节最小限幅（共用）
% TPC；时间常数（s）
% PMAX；功率最大限制（pu；相对额定功率的标么值）
% PMIN；功率最小限制（pu；相对额定功率的标么值）
% dP/dtMAX；功率最大变化率（pu/s；相对额定功率的标么值）
% dP/dtMIN；功率最小变化率（pu/s；相对额定功率的标么值）
% PCON_TYP；功率控制方式；=0；定直流电压控制（详细计算使用）；=1；恒功率控制（简化计算使用）
% KPP；恒功率PI控制环节系数
% KIP；恒功率PI控制环节时间常数（秒）

EU = [ 
1	75	0     	0.0200	2.0000	0.1000	1.0000	-1.000	0.0000	0.0000	0.0000	0.0000	0.0000	0	0.0000	0.0000
2	76	0     	0.0200	2.0000	0.1000	1.0000	-1.000	0.0000	0.0000	0.0000	0.0000	0.0000	0	0.0000	0.0000
3	48	0     	0.0200	2.0000	0.1000	1.0000	-1.000	0.0000	0.0000	0.0000	0.0000	0.0000	0	0.0000	0.0000
4	49	0     	0.0200	2.0000	0.1000	1.0000	-1.000	0.0000	0.0000	0.0000	0.0000	0.0000	0	0.0000	0.0000
5	50	0     	0.0200	2.0000	0.1000	1.0000	-1.000	0.0000	0.0000	0.0000	0.0000	0.0000	0	0.0000	0.0000
6	51	0     	0.0200	2.0000	0.1000	1.0000	-1.000	0.0000	0.0000	0.0000	0.0000	0.0000	0	0.0000	0.0000
7	52	0     	0.0200	2.0000	0.1000	1.0000	-1.000	0.0000	0.0000	0.0000	0.0000	0.0000	0	0.0000	0.0000
];



% 1.模型序号
% 2.busname 在 mpc.bus_name 中的序号
% 3.ID；风电机识别码 在 mpc.mode_id 中的索引
% 4.RC；电压补偿电阻标么值
% 5.XC；电压补偿电抗标么值
% 6.TR；电压测量时间常数(s)
% 7.KPV；比例环节系数
% 8.KPI；积分环节系数
% 9.QMAX；无功最大限制(pu)
% 10.QMIN；无功最小限制(pu)
% 11.TV；时间常数(s)
% 12.TPV；时间常数(s)
% 13.IPF；=0；电压控制方式；=1采用恒功率因数控制方式
% 14.TPE；时间常数(s)
% 15.NAME 控制节点名称 + BASE 控制节点基准电压（kV）在 mpc.bus_name 中的索引

EZ = [ 
1	73	0     	0.0000	0.0000	0.0200	18.000	5.0000	1.1000	-1.100	0.0200	0.0000	1	0.0000	0
2	74	0     	0.0000	0.0000	0.0200	18.000	5.0000	1.1000	-1.100	0.0200	0.0000	1	0.0000	0
3	75	0     	0.0000	0.0000	0.0200	18.000	5.0000	1.1000	-1.100	0.0200	0.0000	1	0.0000	0
4	76	0     	0.0000	0.0000	0.0200	18.000	5.0000	1.1000	-1.100	0.0200	0.0000	1	0.0000	0
5	48	0     	0.0000	0.0000	0.0200	18.000	5.0000	0.4360	-0.436	0.1500	0.0500	1	0.0000	0
6	49	0     	0.0000	0.0000	0.0200	18.000	5.0000	0.4360	-0.436	0.1500	0.0500	1	0.0000	0
7	50	0     	0.0000	0.0000	0.0200	18.000	5.0000	0.4360	-0.436	0.1500	0.0500	1	0.0000	0
8	51	0     	0.0000	0.0000	0.0200	18.000	5.0000	0.4360	-0.436	0.1500	0.0500	1	0.0000	0
9	52	0     	0.0000	0.0000	0.0200	18.000	5.0000	0.4360	-0.436	0.1500	0.0500	1	0.0000	0
];



% 1.模型序号
% 2.busname 在 mpc.bus_name 中的序号
% 3.ID；识别码 在 mpc.mode_id 中的索引
% 4.IMAX；最大电流限制（pu；本机额定容量为基准）
% 5.Idmax；有功电流最大限制（pu；本机额定容量为基准）
% 6.Iqmax；无功电流最大限制（pu；本机额定容量为基准）
% 7.IPQ_LOW；低电压期间无功控制优先标志（=0；无功优先；=1；有功优先）
% 8.IPQ_HIGH；高电压期间无功控制优先标志（=0；有功优先；=1；无功优先）
% 9.IMAX_FLG；低电压穿越期间总电流限制方式（=0；不变；=1；按照初值的比例设定）
% 10.IMAX_PER；低穿期间最大电流限制与初始电流的比例
% 11.KQP；无功控制比例系数（pu；本机额定容量为基准）
% 12.KQI；无功控制积分系数（pu；本机额定容量为基准）
% 13.dQmax；无功控制环节限幅最大值（pu；本机额定容量为基准）
% 14.dQmin；无功控制环节限幅最小值（pu；本机额定容量为基准）
% 15.Tdelay；电流注入时间延时（s）

ES = [ 
1	73	0     	1.1000	1.1000	1.1000	0	1	0	0.0000	0.0000	0.0000	0.0000	0.0000	0.0000
2	74	0     	1.1000	1.1000	1.1000	0	1	0	0.0000	0.0000	0.0000	0.0000	0.0000	0.0000
3	75	0     	1.1000	1.1000	1.1000	0	1	0	0.0000	0.0000	0.0000	0.0000	0.0000	0.0000
4	76	0     	1.1000	1.1000	1.1000	0	1	0	0.0000	0.0000	0.0000	0.0000	0.0000	0.0000
5	48	0     	1.2000	1.2000	1.2000	0	0	0	0.0000	0.0000	0.0000	0.0000	0.0000	0.0000
6	49	0     	1.2000	1.2000	1.2000	0	0	0	0.0000	0.0000	0.0000	0.0000	0.0000	0.0000
7	50	0     	1.2000	1.2000	1.2000	0	0	0	0.0000	0.0000	0.0000	0.0000	0.0000	0.0000
8	51	0     	1.2000	1.2000	1.2000	0	0	0	0.0000	0.0000	0.0000	0.0000	0.0000	0.0000
9	52	0     	1.2000	1.2000	1.2000	0	0	0	0.0000	0.0000	0.0000	0.0000	0.0000	0.0000
];



% 1.模型序号
% 2.busname 在 mpc.bus_name 中的序号
% 3.ID；识别码 在 mpc.mode_id 中的索引
% 4.VOL_TYP；判断故障穿越的电压类型（=0；正序电压；=1；最小或最大相电压）
% 5.VOL_LOW；判断进入低电压穿越状态的电压值（pu）
% 6.VOL_LOW_RET；判断退出低电压穿越状态的电压值（pu）
% 7.VOL_LOW_DELAY；低电压判断时间（周波）
% 8.VOL_HIGH；判断进入高电压穿越状态的电压值（pu）
% 9.VOL_HIGH_RET；判断退出高电压穿越状态的电压值（pu）
% 10.VOL_HIGH_DELAY；高电压判断时间（周波）

EV = [ 
1	73	0     	0	0.9000	0.9000	0.0000	1.3000	1.3000	0.0000
2	74	0     	0	0.9000	0.9000	0.0000	1.3000	1.3000	0.0000
3	75	0     	0	0.9000	0.9000	0.0000	1.3000	1.3000	0.0000
4	76	0     	0	0.9000	0.9000	0.0000	1.3000	1.3000	0.0000
5	48	0     	0	0.9000	0.9000	0.0000	1.3000	1.3000	0.0000
6	49	0     	0	0.9000	0.9000	0.0000	1.3000	1.3000	0.0000
7	50	0     	0	0.9000	0.9000	0.0000	1.3000	1.3000	0.0000
8	51	0     	0	0.9000	0.9000	0.0000	1.3000	1.3000	0.0000
9	52	0     	0	0.9000	0.9000	0.0000	1.3000	1.3000	0.0000
];



% 1.模型序号
% 2.busname 在 mpc.bus_name 中的序号
% 3.ID；识别码 在 mpc.mode_id 中的索引
% 4.参数组标志；含义见说明书（共8种：L、H、S、T、M、N、U、V）在 mpc.other_string 中的索引
% 5.参数组填法标志；B表示BPA填法；P表示PSASP填法 在 mpc.other_string 中的索引
% 6.IRT_CON；电压恢复过程中是否再次进入故障穿越过程的标志；=0进入；=1不进入
% 7.IP_FLG；故障穿越期间的有功控制方式（=0指定电流；=1指定电流百分比；=2指定功率；=3指定功率百分比）
% 8.IP_SET1；故障穿越期间的有功电流或功率控制值
% 9.TDELAY；故障穿越期间进入功率保持的延时（周波）
% 10.IP_FLG2；穿越后设定有功爬坡初始值的方式（=0指定电流；=1指定电流百分比；=2指定功率；=3指定功率百分比）
% 11.IP_SET2；穿越后设定有功爬坡的初始值
% 12.IP_TIM2；穿越后维持设定的初始电流或功率的时间（周波）
% 13.IP_RATE_FLG；穿越后有功爬坡过程的方式（=0；立即恢复=1；按照指定斜率上升；填写42-56列=2；按照抛物线的方式上升；填写57-61列=3；按照指定时间斜线上升；填写57-61列）
% 14.IP_RATE；穿越后爬坡过程中；有功电流或功率上升速率（A/s或MW/s）（= -1.0；立即恢复到故障发生前的数值
% 15.IP_RATE2；穿越后爬坡过程中；有功电流或功率上升的慢速速率（A/s或MW/s）
% 16.P_RATE_CHANGE；爬坡过程中上升速率由41-45列速率转换为46-50列速率的功率或者电流值相对初值的比例
% 17.TP；恢复时间常数（s；对应从0恢复到额定功率的时间）
% 18.IPI_COM；不对称故障期间有功电流的控制方式（0和三相故障一致；1根据正序电压计算有功电流限制）
% 19.PILIM_K1；正序电流限幅计算系数1
% 20.PILIM_K2；正序电流限幅计算系数2
% 21.IP_RATE_FLG2；不对称故障后有功爬坡方式（0和三相故障一致；1根据正序电压计算有功电流限制）

LP = [ 
1	73	0     	0     	0     	1	1	50.000	0.000	0	-1.000	0.0000	1	4.5000	0.0000	0.0000	0.5000	0	0.0000	0.0000	0
2	74	0     	0     	0     	1	1	50.000	0.000	0	-1.000	0.0000	1	4.5000	0.0000	0.0000	0.5000	0	0.0000	0.0000	0
3	75	0     	0     	0     	1	1	50.000	0.000	0	-1.000	0.0000	1	4.5000	0.0000	0.0000	0.5000	0	0.0000	0.0000	0
4	76	0     	0     	0     	1	1	50.000	0.000	0	-1.000	0.0000	1	4.5000	0.0000	0.0000	0.5000	0	0.0000	0.0000	0
5	48	0     	0     	0     	1	1	50.000	0.000	0	-1.000	0.0000	1	4.5000	0.0000	0.0000	0.5000	0	0.0000	0.0000	0
6	49	0     	0     	0     	1	1	50.000	0.000	0	-1.000	0.0000	1	4.5000	0.0000	0.0000	0.5000	0	0.0000	0.0000	0
7	50	0     	0     	0     	1	1	50.000	0.000	0	-1.000	0.0000	1	4.5000	0.0000	0.0000	0.5000	0	0.0000	0.0000	0
8	51	0     	0     	0     	1	1	50.000	0.000	0	-1.000	0.0000	1	4.5000	0.0000	0.0000	0.5000	0	0.0000	0.0000	0
9	52	0     	0     	0     	1	1	50.000	0.000	0	-1.000	0.0000	1	4.5000	0.0000	0.0000	0.5000	0	0.0000	0.0000	0
];



% 1.模型序号
% 2.busname 在 mpc.bus_name 中的序号
% 3.ID；识别码 在 mpc.mode_id 中的索引
% 4.参数组标志；含义见说明书（共8种：L、H、S、T、M、N、U、V） 在 mpc.other_string 中的索引
% 5.参数组填法标志；B表示BPA填法；P表示PSASP填法  在 mpc.other_string 中的索引
% 6.ICON_TYP；三相对称条件下的无功控制方式=0；采用电压控制无功电流的方式；=2；指定无功功率值；=3；指定无功电流值。
% 7.VOLTYP；选择的最小电压类型；=0正序电压；=1相电压
% 8.VOL_REF；计算无功电流的电压参考值（pu）；缺省0.9pu
% 9.Q_RATE；19列为0时；填写无功调整系数（pu）19列为2时；填写无功功率值（Mvar）19列为3时；填写无功电流值（A）
% 10.ICONTYP2；三相不对称条件下的无功控制方式：=0没有无功输出；=1指定固定值；=2采用和正序相同的控制方式；=3采用负序电压控制；=4采用正序和负序电压共同控制
% 11.KQ2；采用负序电压控制时；计算电流参考值的系数
% 12.IQMAX；不对称时；无功电流最大限制（A）；当31列为1时；无功电流指定值（A）
% 13.IQ_FLG；穿越后的无功控制方式：=0不控制；恢复初始状态；=1保持一定值一段时间；=2以指数形式下降；=3以斜线形式下降
% 14.IQ_START；穿越后无功下降的开始电流或者保持的电流（A）
% 15.IQ_TP；降低的时间常数或者保持的时间（s）
% 16.IQLIM；无功电流最大限制（A）

