function mpc = TAS
%   MATPOWER 

%% MATPOWER Case Format : Version 2 
mpc.version = '2';

%%-----  Power Flow Data  -----%% 
%% system MVA base
mpc.baseMVA = 100; 

%% bus data 
%	bus_i	type	Pd	Qd	Gs	Bs	area	Vm	Va	baseKV	zone	Vmax	Vmin
mpc.bus = [
    1    1    0    0    0    0        1    0.9805834633198753    -8.623644996540566    1    1    1.06    0.94;
    2    1    0    0    0    0        1    0.9916635691824381    -6.233722448105752    1    1    1.06    0.94;
    3    1    0    0    0    0        1    0.9833688254097314    -8.048114504107602    1    1    1.06    0.94;
    4    1    0    0    0    0        1    0.9920866723476721    -6.158245405423961    1    1    1.06    0.94;
    5    1    0    0    0    0        1    1.009845711222693    6.34078619633662    1    1    1.06    0.94;
    6    1    0    0    0    0        1    1.000416824055812    -4.518541581537899    1    1    1.06    0.94;
    7    1    0    0    0    1320        1    0.9933725240440512    -6.056475122578493    1    2    1.06    0.94;
    8    1    0    0    0    1800        1    1.011490183578064    -30.69405981856795    1    2    1.06    0.94;
    9    1    0    0    0    0        1    1.002614167182508    -32.28420215306436    1    1    1.06    0.94;
    10    1    0    0    0    0        1    0.9956610736044215    -31.94362639848343    1    1    1.06    0.94;
    11    1    0    0    0    0        1    0.973445907349974    -24.6616556166532    1    1    1.06    0.94;
    12    1    450    50    0    0        1    0.9943853892496669    -13.76081373841269    1    3    1.06    0.94;
    13    1    450    50    0    0        1    1.001105716346318    -11.27532447201642    1    3    1.06    0.94;
    14    1    0    0    0    0        1    1.017421537116924    -3.092205772740611    1    1    1.06    0.94;
    15    1    0    0    0    0        1    1.028708582452092    -1.361163064906359    1    1    1.06    0.94;
    16    1    0    0    0    0        1    1.028708582452092    -1.361163064906359    1    1    1.06    0.94;
    17    1    0    0    0    0        1    1.028418283502567    -1.431077122930782    1    1    1.06    0.94;
    18    1    0    0    0    0        1    1.016359504719411    -2.959028981443576    1    1    1.06    0.94;
    19    1    0    0    0    0        1    1.023389312468554    -1.548666192579195    1    1    1.06    0.94;
    20    1    0    0    0    0        1    1.023389312468554    -1.548666192579195    1    1    1.06    0.94;
    21    1    0    0    0    0        1    1.025495829915029    10.07940939375952    1    1    1.06    0.94;
    22    1    0    0    0    0        1    1.031298072229759    11.76379411092294    1    1    1.06    0.94;
    23    1    0    0    0    0        1    1.031298072229759    11.76379411092294    1    1    1.06    0.94;
    24    1    0    0    0    0        1    1.021461342110776    -0.9719206014137713    1    1    1.06    0.94;
    25    1    0    0    0    0        1    1.030988415654704    1.12350747812462    1    1    1.06    0.94;
    26    1    0    0    0    0        1    1.030988415654704    1.12350747812462    1    1    1.06    0.94;
    27    1    4347.0001    150    0    0        1    1.00572837307815    -41.90696285746789    1    3    1.06    0.94;
    28    1    3590.0002    200    0    0        1    0.9978511815749486    -42.03503450857442    1    3    1.06    0.94;
    29    1    0    0    0    0        1    1.024337385897757    -27.19807724970714    1    1    1.06    0.94;
    30    1    0    0    0    0        1    1.033067256688054    -25.825783715041    1    1    1.06    0.94;
    31    1    0    0    0    0        1    1.033067256688054    -25.825783715041    1    1    1.06    0.94;
    32    1    1700    100    0    0        1    0.9833681172966398    -34.58975708369099    1    3    1.06    0.94;
    33    1    0    0    0    0        1    1.000111450165888    -20.94666234205473    1    1    1.06    0.94;
    34    1    0    0    0    0        1    1.015447600083739    -19.19444853518292    1    1    1.06    0.94;
    35    1    0    0    0    0        1    1.015735044538945    -19.5720505378014    1    1    1.06    0.94;
    36    1    0    0    0    125        1    1.047177490582163    -14.34575641217078    1    1    1.06    0.94;
    37    1    0    0    0    105        1    1.045247361621429    -11.84697783702931    1    1    1.06    0.94;
    38    1    0    0    0    80        1    1.050653016719657    3.282434511667597    1    1    1.06    0.94;
    39    1    0    0    0    80        1    1.050653016719657    3.282434511667597    1    1    1.06    0.94;
    40    1    0    0    0    80        1    1.050653016719657    3.282434511667597    1    1    1.06    0.94;
    41    1    0    0    0    75        1    1.049702168800494    3.031700766677299    1    1    1.06    0.94;
    42    1    0    0    0    75        1    1.049702168800494    3.031700766677299    1    1    1.06    0.94;
    43    1    0    0    0    235        1    1.052131513983347    -2.568782496150389    1    1    1.06    0.94;
    44    1    0    0    0    45        1    1.034704142260139    2.241693761249238    1    1    1.06    0.94;
    45    1    0    0    0    45        1    1.034704142260139    2.241693761249238    1    1    1.06    0.94;
    46    1    0    0    0    45        1    1.034704142260139    2.241693761249238    1    1    1.06    0.94;
    47    1    0    0    0    45        1    1.034704142260139    2.241693761249238    1    1    1.06    0.94;
    48    1    0    0    0    220        1    1.04775221481802    -2.622145732836688    1    1    1.06    0.94;
    49    1    0    0    0    40        1    1.038758731005933    16.26106673504866    1    1    1.06    0.94;
    50    1    0    0    0    40        1    1.038758731005933    16.26106673504866    1    1    1.06    0.94;
    51    1    0    0    0    40        1    1.038758731005933    16.26106673504866    1    1    1.06    0.94;
    52    1    0    0    0    40        1    1.038758731005933    16.26106673504866    1    1    1.06    0.94;
    53    1    0    0    0    175        1    1.05012976546436    10.48061311904127    1    1    1.06    0.94;
    54    1    0    0    0    73        1    1.047926948157539    6.700668232527174    1    1    1.06    0.94;
    55    1    0    0    0    73        1    1.047926948157539    6.700668232527174    1    1    1.06    0.94;
    56    1    0    0    0    73        1    1.047926948157539    6.700668232527174    1    1    1.06    0.94;
    57    1    0    0    0    200        1    1.049954148732331    -0.5949108244139339    1    1    1.06    0.94;
    58    1    0    0    0    535        1    1.051760098941538    -42.97222409374427    1    1    1.06    0.94;
    59    1    0    0    0    55        1    1.048907610669834    -22.12189994158149    1    1    1.06    0.94;
    60    1    0    0    0    55        1    1.048907610669834    -22.12189994158149    1    1    1.06    0.94;
    61    1    0    0    0    55        1    1.048907610669834    -22.12189994158149    1    1    1.06    0.94;
    62    1    0    0    0    505        1    1.051777457669035    -43.15738758206486    1    1    1.06    0.94;
    63    1    0    0    0    90        1    1.051192187798744    -26.690908707719    1    1    1.06    0.94;
    64    1    0    0    0    108        1    1.048196239824799    -14.47902242863186    1    1    1.06    0.94;
    65    1    0    0    0    108        1    1.048196239824799    -14.47902242863186    1    1    1.06    0.94;
    66    1    0    0    0    105        1    1.049943234069604    -15.80859499309249    1    1    1.06    0.94;
    67    1    0    0    0    105        1    1.049943234069604    -15.80859499309249    1    1    1.06    0.94;
    68    1    0    0    0    315        1    1.050628931070151    -35.69475602234756    1    1    1.06    0.94;
