function mpc = DAS
%   MATPOWER 

%% MATPOWER Case Format : Version 2 
mpc.version = '2';

%%-----  Power Flow Data  -----%% 
%% system MVA base
mpc.baseMVA = 100; 

%% bus data 
%	bus_i	type	Pd	Qd	Gs	Bs	area	Vm	Va	baseKV	zone	Vmax	Vmin
mpc.bus = [
    1    1    0    0    0    0        1    0.9808780471552795    -9.55874248896678    1    1    1.06    0.94;
    2    1    0    0    0    0        1    0.9936640946448315    -6.279569468185632    1    1    1.06    0.94;
    3    1    0    0    0    0        1    0.9814618303606953    -9.451983393936894    1    1    1.06    0.94;
    4    1    0    0    0    0        1    0.9938347688489996    -6.227526326246977    1    1    1.06    0.94;
    5    1    0    0    0    0        1    1.005227693806469    -1.323635859066769    1    1    1.06    0.94;
    6    1    0    0    0    0        1    0.9989296202641137    -4.796032509856093    1    1    1.06    0.94;
    7    1    0    0    0    560        1    0.9979005142369207    -5.876985643832994    1    2    1.06    0.94;
    8    1    0    0    0    800        1    1.027856057296137    -31.06527186864175    1    2    1.06    0.94;
    9    1    0    0    0    0        1    1.021715689878644    -31.46933518088209    1    1    1.06    0.94;
    10    1    0    0    0    0        1    1.014722361106565    -30.44760758932462    1    1    1.06    0.94;
    11    1    0    0    0    0        1    0.9865456633123767    -22.66420600383781    1    1    1.06    0.94;
    12    1    0    0    0    0        1    1.006918610673963    -9.565283110335901    1    1    1.06    0.94;
    13    1    0    0    0    0        1    1.009250307340463    -6.283228248783442    1    1    1.06    0.94;
    14    1    0    0    0    0        1    1.013115658895128    -5.401497022928377    1    1    1.06    0.94;
    15    1    0    0    0    0        1    1.025039154213964    -3.661677336195209    1    1    1.06    0.94;
    16    1    0    0    0    0        1    1.015047829794803    -2.236024545715728    1    1    1.06    0.94;
    17    1    0    0    0    0        1    1.025965779517193    -0.4931168098867848    1    1    1.06    0.94;
    18    1    0    0    0    0        1    1.012211613395539    5.014028054281795    1    1    1.06    0.94;
    19    1    0    0    0    0        1    1.021426586366081    6.783617438079157    1    1    1.06    0.94;
    20    1    0    0    0    0        1    1.020566633913029    7.160287647274715    1    1    1.06    0.94;
    21    1    0    0    0    0        1    0.9978445929690851    -0.7536578507478546    1    1    1.06    0.94;
    22    1    0    0    0    0        1    1.003114708261356    1.107540505204441    1    1    1.06    0.94;
    23    1    3084    200    0    0        1    1.042092004086012    -39.55730981030838    1    3    1.06    0.94;
    24    1    1400    50    0    0        1    1.049213764433398    -37.79723611750488    1    3    1.06    0.94;
    25    1    0    0    0    0        1    1.037632962601409    -22.67848566254698    1    1    1.06    0.94;
    26    1    0    0    0    115        1    1.056654567483353    -9.597781805613803    1    1    1.06    0.94;
    27    1    0    0    0    70        1    1.039019208875412    -6.302634653701475    1    1    1.06    0.94;
    28    1    0    0    0    30        1    1.04772507222131    1.011632268791787    1    1    1.06    0.94;
    29    1    0    0    0    35        1    1.049647124309086    1.003055717079554    1    1    1.06    0.94;
    30    1    0    0    0    110        1    1.045319397584783    -4.97375371402401    1    1    1.06    0.94;
    31    1    0    0    0    30        1    1.048025413263306    4.174621200643081    1    1    1.06    0.94;
    32    1    0    0    0    75        1    1.045848439128958    4.184358866237037    1    1    1.06    0.94;
    33    1    0    0    0    60        1    1.032866488853785    -1.803948618262111    1    1    1.06    0.94;
    34    1    0    0    0    66.59999999999999        1    1.037883785680128    11.51806393544043    1    1    1.06    0.94;
    35    1    0    0    0    66.59999999999999        1    1.037883785680128    11.51806393544043    1    1    1.06    0.94;
    36    1    0    0    0    66.59999999999999        1    1.034467780470907    12.86813231502368    1    1    1.06    0.94;
    37    1    0    0    0    0        1    1.013276044564118    5.71917464027178    1    1    1.06    0.94;
    38    1    0    0    0    40        1    1.006156567836909    7.079024789840844    1    1    1.06    0.94;
    39    1    0    0    0    40        1    1.012464521097283    5.05970235589081    1    1    1.06    0.94;
    40    1    0    0    0    0        1    0.9977272077461907    -0.3009256835608117    1    1    1.06    0.94;
    41    1    0    0    0    680        1    1.119463663099663    -40.46253987676458    1    1    1.06    0.94;
    42    1    0    0    0    395        1    1.141407892184146    -38.6209143828689    1    1    1.06    0.94;
    43    1    0    0    0    210        1    1.135206841389291    -22.7403548347703    1    1    1.06    0.94;
    44    1    0    0    0    0        1    0.9192885976408385    -7.490162563002477    1    1    1.06    0.94;
    45    1    0    0    0    0        1    0.9707832309054742    -29.62997468021324    1    1    1.06    0.94;
    46    1    0    0    0    0        1    0.9192885976408385    -7.490162563002477    1    1    1.06    0.94;
    47    1    0    0    0    0        1    0.9707832309054742    -29.62997468021324    1    1    1.06    0.94;
    48    1    0    0    0    50        1    1.056392154333028    3.349545670635377    1    4    1.06    0.94;
    49    1    0    0    0    50        1    1.058336576913399    3.33239580904219    1    4    1.06    0.94;
    50    1    0    0    0    0        1    1.033137648677401    15.77397971509555    1    4    1.06    0.94;
    51    1    0    0    0    0        1    1.004710416635841    10.15132243861315    1    4    1.06    0.94;
    52    1    0    0    0    0        1    1.011835057942515    7.080257900803652    1    4    1.06    0.94;
    53    1    0    0    0    0        1    1.006918610673963    -9.565283110335901    1    1    1.06    0.94;
    54    1    0    0    0    0        1    1.009250307340463    -6.283228248783442    1    1    1.06    0.94;
    55    1    0    0    0    0        1    1.01464143433964    -4.960118104330036    1    1    1.06    0.94;
    56    1    0    0    0    0        1    1.016332394552033    -1.79661201436502    1    1    1.06    0.94;
    57    1    0    0    0    0        1    1.013276044564118    5.71917464027178    1    1    1.06    0.94;
    58    1    0    0    0    0        1    0.9977272077461907    -0.3009256835608117    1    1    1.06    0.94;
    59    1    0    0    0    0        1    1.041570579470786    -40.41333797776697    1    1    1.06    0.94;
    60    1    0    0    0    0        1    1.041570579470786    -40.41333797776697    1    1    1.06    0.94;
    61    1    0    0    0    0        1    1.041570579470786    -40.41333797776697    1    1    1.06    0.94;
    62    1    0    0    0    0        1    1.041570579470786    -40.41333797776697    1    1    1.06    0.94;
    63    1    0    0    0    0        1    1.049140663290448    -38.56305128395802    1    1    1.06    0.94;
    64    1    0    0    0    0        1    1.049140663290448    -38.56305128395802    1    1    1.06    0.94;
    65    1    0    0    0    0        1    1.037632962601409    -22.67848566254698    1    1    1.06    0.94;
    66    2    0    0    0    0        1    1.010000017792829    -4.231567157182101    1    5    1.06    0.94;
    67    2    0    0    0    0        1    1.010000102153372    -1.064030176376483    1    5    1.06    0.94;
    68    3    26.4    12.79    0    0        1    1    0    1    5    1.06    0.94;
