
% 1.model index
% 2.busname index in model.bus_name 
% 3.ID: Wind turbine identification code in model.mode_id
% 4.PPER: Proportion of active power generation (0~1)
% 5.QPER: Proportion of reactive power generation (0~1)
% 6.MVA: Rated capacity of a single photovoltaic array (MVA)
% 7.T: actual temperature (°„C, default 25)
% 8.Uoc: Open-circuit voltage of a single cell under standard conditions (V)
% 9.Isc: Short-circuit current of a single cell under standard conditions (A)
% 10.Upmax: Voltage at the maximum power point (V)
% 11.Ipmax: Current at the maximum power point (A)
% 12.ISHT: Number of parallel battery groups in the photovoltaic array
% 13.ISER: Number of series cells in each photovoltaic battery group
% 14.C: Size of the DC side capacitor (mF)
% 15.NM: Number of groups

model.MS = [ 
1	74	0     	0.00	0.00	1.050	15.000	44.800	8.3300	35.200	7.9500	127 	28  	1000000000.000000	300
2	75	0     	0.00	0.00	1.050	15.000	44.800	8.3300	35.200	7.9500	127 	28  	1000000000.000000	300
3	76	0     	0.00	0.00	1.050	15.000	44.800	8.3300	35.200	7.9500	127 	28  	1000000000.000000	300
4	77	0     	0.00	0.00	1.050	15.000	44.800	8.3300	35.200	7.9500	127 	28  	1000000000.000000	300
5	78	0     	0.00	0.00	1.050	15.000	44.800	8.3300	35.200	7.9500	127 	28  	1000000000.000000	300
6	79	0     	0.00	0.00	1.050	15.000	44.800	8.3300	35.200	7.9500	127 	28  	1000000000.000000	300
7	80	0     	0.00	0.00	1.050	15.000	44.800	8.3300	35.200	7.9500	127 	28  	1000000000.000000	300
8	81	0     	0.00	0.00	1.050	15.000	44.800	8.3300	35.200	7.9500	127 	28  	1000000000.000000	300
9	82	0     	0.00	0.00	1.050	15.000	44.800	8.3300	35.200	7.9500	127 	28  	1000000000.000000	300
10	83	0     	0.00	0.00	1.050	15.000	44.800	8.3300	35.200	7.9500	127 	28  	1000000000.000000	300
11	84	0     	0.00	0.00	1.050	15.000	44.800	8.3300	35.200	7.9500	127 	28  	1000000000.000000	300
12	85	0     	0.00	0.00	1.050	15.000	44.800	8.3300	35.200	7.9500	127 	28  	1000000000.000000	300
];



% 1.model index
% 2.busname index in model.bus_name 
% 3.ID; Identifier in model.mode_id
% 4.T1; Measurement Time Constant (s)
% 5.KPUDC; Proportional Coefficient of DC Voltage PI Control
% 6.KIUDC; Integral Coefficient of DC Voltage PI Control
% 7.MAXID; Maximum Limit of PI Control Loop (Common)
% 8.MINID; Minimum Limit of PI Control Loop (Common)
% 9.TPC; Time Constant (s)
% 10.PMAX; Maximum Power Limit (pu; per unit relative to rated power)
% 11.PMIN; Minimum Power Limit (pu; per unit relative to rated power)
% 12.dP/dtMAX; Maximum Power Ramp Rate (pu/s; per unit relative to rated power)
% 13.dP/dtMIN; Minimum Power Ramp Rate (pu/s; per unit relative to rated power)
% 14.PCON_TYP; Power Control Mode; =0; Constant DC Voltage Control (for detailed calculation); =1; Constant Power Control (for simplified calculation)
% 15.KPP; Proportional Coefficient of Constant Power PI Control Loop
% 16.KIP; Time Constant of Constant Power PI Control Loop (s)

model.EU = [ 
1	126	0     	0.0200	2.0000	0.1000	1.0000	-1.000	0.0000	0.0000	0.0000	0.0000	0.0000	0	0.0000	0.0000
2	127	0     	0.0200	2.0000	0.1000	1.0000	-1.000	0.0000	0.0000	0.0000	0.0000	0.0000	0	0.0000	0.0000
3	128	0     	0.0200	2.0000	0.1000	1.0000	-1.000	0.0000	0.0000	0.0000	0.0000	0.0000	0	0.0000	0.0000
4	133	0     	0.0200	2.0000	0.1000	1.0000	-1.000	0.0000	0.0000	0.0000	0.0000	0.0000	0	0.0000	0.0000
5	134	0     	0.0200	2.0000	0.1000	1.0000	-1.000	0.0000	0.0000	0.0000	0.0000	0.0000	0	0.0000	0.0000
6	135	0     	0.0200	2.0000	0.1000	1.0000	-1.000	0.0000	0.0000	0.0000	0.0000	0.0000	0	0.0000	0.0000
7	136	0     	0.0200	2.0000	0.1000	1.0000	-1.000	0.0000	0.0000	0.0000	0.0000	0.0000	0	0.0000	0.0000
8	74	0     	0.0200	2.0000	0.1000	1.0000	-1.000	0.0000	0.0000	0.0000	0.0000	0.0000	0	0.0000	0.0000
9	75	0     	0.0200	2.0000	0.1000	1.0000	-1.000	0.0000	0.0000	0.0000	0.0000	0.0000	0	0.0000	0.0000
10	76	0     	0.0200	2.0000	0.1000	1.0000	-1.000	0.0000	0.0000	0.0000	0.0000	0.0000	0	0.0000	0.0000
11	77	0     	0.0200	2.0000	0.1000	1.0000	-1.000	0.0000	0.0000	0.0000	0.0000	0.0000	0	0.0000	0.0000
12	78	0     	0.0200	2.0000	0.1000	1.0000	-1.000	0.0000	0.0000	0.0000	0.0000	0.0000	0	0.0000	0.0000
13	79	0     	0.0200	2.0000	0.1000	1.0000	-1.000	0.0000	0.0000	0.0000	0.0000	0.0000	0	0.0000	0.0000
14	80	0     	0.0200	2.0000	0.1000	1.0000	-1.000	0.0000	0.0000	0.0000	0.0000	0.0000	0	0.0000	0.0000
15	81	0     	0.0200	2.0000	0.1000	1.0000	-1.000	0.0000	0.0000	0.0000	0.0000	0.0000	0	0.0000	0.0000
16	82	0     	0.0200	2.0000	0.1000	1.0000	-1.000	0.0000	0.0000	0.0000	0.0000	0.0000	0	0.0000	0.0000
17	83	0     	0.0200	2.0000	0.1000	1.0000	-1.000	0.0000	0.0000	0.0000	0.0000	0.0000	0	0.0000	0.0000
18	84	0     	0.0200	2.0000	0.1000	1.0000	-1.000	0.0000	0.0000	0.0000	0.0000	0.0000	0	0.0000	0.0000
19	85	0     	0.0200	2.0000	0.1000	1.0000	-1.000	0.0000	0.0000	0.0000	0.0000	0.0000	0	0.0000	0.0000
];



% 1.model index
% 2.busname index in model.bus_name 
% 3.ID; Wind Turbine Identifier in model.mode_id
% 4.RC; Voltage Compensation Resistance (pu)
% 5.XC; Voltage Compensation Reactance (pu)
% 6.TR; Voltage Measurement Time Constant (s)
% 7.KPV; Proportional Coefficient of Voltage Control Loop
% 8.KPI; Integral Coefficient of Voltage Control Loop
% 9.QMAX; Maximum Reactive Power Limit (pu)
% 10.QMIN; Minimum Reactive Power Limit (pu)
% 11.TV; Time Constant (s)
% 12.TPV; Time Constant (s)
% 13.IPF; =0; Voltage Control Mode; =1; Constant Power Factor Control Mode
% 14.TPE; Time Constant (s)
% 15.Control Node Name + Control Node Base Voltage (kV) in model.bus_name

model.EZ = [ 
1	126	0     	0.0000	0.0000	0.0200	18.000	5.0000	1.1000	-1.100	0.0200	0.0000	1	0.0000	0
2	127	0     	0.0000	0.0000	0.0200	18.000	5.0000	1.1000	-1.100	0.0200	0.0000	1	0.0000	0
3	128	0     	0.0000	0.0000	0.0200	18.000	5.0000	1.1000	-1.100	0.0200	0.0000	1	0.0000	0
4	129	0     	0.0000	0.0000	0.0200	18.000	5.0000	1.1000	-1.100	0.0200	0.0000	1	0.0000	0
5	130	0     	0.0000	0.0000	0.0200	18.000	5.0000	1.1000	-1.100	0.0200	0.0000	1	0.0000	0
6	131	0     	0.0000	0.0000	0.0200	18.000	5.0000	1.1000	-1.100	0.0200	0.0000	1	0.0000	0
7	132	0     	0.0000	0.0000	0.0200	18.000	5.0000	1.1000	-1.100	0.0200	0.0000	1	0.0000	0
8	133	0     	0.0000	0.0000	0.0200	18.000	5.0000	1.1000	-1.100	0.0200	0.0000	1	0.0000	0
9	134	0     	0.0000	0.0000	0.0200	18.000	5.0000	1.1000	-1.100	0.0200	0.0000	1	0.0000	0
10	135	0     	0.0000	0.0000	0.0200	18.000	5.0000	1.1000	-1.100	0.0200	0.0000	1	0.0000	0
11	136	0     	0.0000	0.0000	0.0200	18.000	5.0000	1.1000	-1.100	0.0200	0.0000	1	0.0000	0
12	74	0     	0.0000	0.0000	0.0200	18.000	5.0000	0.4360	-0.436	0.1500	0.0500	1	0.0000	0
13	75	0     	0.0000	0.0000	0.0200	18.000	5.0000	0.4360	-0.436	0.1500	0.0500	1	0.0000	0
14	76	0     	0.0000	0.0000	0.0200	18.000	5.0000	0.4360	-0.436	0.1500	0.0500	1	0.0000	0
15	77	0     	0.0000	0.0000	0.0200	18.000	5.0000	0.4360	-0.436	0.1500	0.0500	1	0.0000	0
16	78	0     	0.0000	0.0000	0.0200	18.000	5.0000	0.4360	-0.436	0.1500	0.0500	1	0.0000	0
17	79	0     	0.0000	0.0000	0.0200	18.000	5.0000	0.4360	-0.436	0.1500	0.0500	1	0.0000	0
18	80	0     	0.0000	0.0000	0.0200	18.000	5.0000	0.4360	-0.436	0.1500	0.0500	1	0.0000	0
19	81	0     	0.0000	0.0000	0.0200	18.000	5.0000	0.4360	-0.436	0.1500	0.0500	1	0.0000	0
20	82	0     	0.0000	0.0000	0.0200	18.000	5.0000	0.4360	-0.436	0.1500	0.0500	1	0.0000	0
21	83	0     	0.0000	0.0000	0.0200	18.000	5.0000	0.4360	-0.436	0.1500	0.0500	1	0.0000	0
22	84	0     	0.0000	0.0000	0.0200	18.000	5.0000	0.4360	-0.436	0.1500	0.0500	1	0.0000	0
23	85	0     	0.0000	0.0000	0.0200	18.000	5.0000	0.4360	-0.436	0.1500	0.0500	1	0.0000	0
];
