function mpc = PFO2
%   MATPOWER 

%% MATPOWER Case Format : Version 2 
mpc.version = '2';

%%-----  Power Flow Data  -----%% 
%% system MVA base
mpc.baseMVA = 100; 

%% bus data 
%	bus_i	type	Pd	Qd	Gs	Bs	area	Vm	Va	baseKV	zone	Vmax	Vmin
mpc.bus = [
    1    1    0    0    0    0        1    1.004131213457249    -1.252374274326259    1    1    1.06    0.94;
    2    1    0    0    0    0        1    1.00336454491347    -0.1931955498187074    1    1    1.06    0.94;
    3    1    0    0    0    0        1    1.003970744001457    -0.5110526566636736    1    1    1.06    0.94;
    4    1    0    0    0    0        1    1.003875009803893    -0.890001787246523    1    1    1.06    0.94;
    5    1    0    0    0    0        1    1.003894013542004    -0.9262314483303778    1    1    1.06    0.94;
    6    1    0    0    0    0        1    1.003248006596498    -1.476764340176555    1    1    1.06    0.94;
    7    1    0    0    0    0        1    1.003248006596498    -1.476764340176555    1    1    1.06    0.94;
    8    1    0    0    0    1855        1    1.004189196387912    -1.462616272517319    1    1    1.06    0.94;
    9    1    0    0    0    1855        1    1.000062495037178    0.2041382266248847    1    1    1.06    0.94;
    10    1    260    70    0    0        1    0.9913992272273053    3.429677797347643    1    1    1.06    0.94;
    11    1    260    70    0    0        1    0.9936555513251382    2.02237063085501    1    1    1.06    0.94;
    12    1    50    32    0    0        1    0.9995362971132676    -1.653581393147545    1    1    1.06    0.94;
    13    1    230    30    0    0        1    0.998878571652848    -2.74424704622749    1    1    1.06    0.94;
    14    1    230    30    0    0        1    0.9988977090133796    -2.780405941983482    1    1    1.06    0.94;
    15    1    400    70    0    0        1    0.9912582790790619    -4.728511048275032    1    1    1.06    0.94;
    16    1    400    70    0    0        1    0.9912582790790619    -4.728511048275032    1    1    1.06    0.94;
    17    1    0    0    0    0        1    0.9930583458817847    4.965361487862181    1    1    1.06    0.94;
    18    1    0    0    0    0        1    0.9930583458817847    4.965361487862181    1    1    1.06    0.94;
    19    1    0    0    0    0        1    0.9917183525276296    4.978434300405146    1    1    1.06    0.94;
    20    1    0    0    0    0        1    0.9930583458817847    4.965361487862181    1    1    1.06    0.94;
    21    1    0    0    0    0        1    0.9944987682076823    3.559010452762336    1    1    1.06    0.94;
    22    1    0    0    0    0        1    0.9944987682076823    3.559010452762336    1    1    1.06    0.94;
    23    1    0    0    0    0        1    0.9944987682076823    3.559010452762336    1    1    1.06    0.94;
    24    1    0    0    0    0        1    0.9900353300380419    3.837647308246808    1    1    1.06    0.94;
    25    1    0    0    0    0        1    0.9900353300380419    3.837647308246808    1    1    1.06    0.94;
    26    1    0    0    0    0        1    0.9900353300380419    3.837647308246808    1    1    1.06    0.94;
    27    1    0    0    0    0        1    0.9924312906957152    2.306645937163849    1    1    1.06    0.94;
    28    1    0    0    0    0        1    0.9924312906957152    2.306645937163849    1    1    1.06    0.94;
    29    1    0    0    0    0        1    0.9924312906957152    2.306645937163849    1    1    1.06    0.94;
    30    1    0    0    0    0        1    0.9990557936968142    -1.69982685017908    1    1    1.06    0.94;
    31    1    0    0    0    0        1    0.9985258654591856    -2.953863496339115    1    1    1.06    0.94;
    32    1    0    0    0    0        1    0.9985450259398102    -2.990014374586265    1    1    1.06    0.94;
    33    1    0    0    0    0        1    0.9903650171318983    -5.099412866379056    1    1    1.06    0.94;
    34    1    0    0    0    0        1    0.9903650171318983    -5.099412866379056    1    1    1.06    0.94;
    35    1    0    0    0    20        1    0.9936356666324795    9.033387211969266    1    1    1.06    0.94;
    36    1    0    0    0    0        1    0.9865596624453018    9.062614015733427    1    1    1.06    0.94;
    37    1    0    0    0    0        1    0.9865596624453018    9.062614015733427    1    1    1.06    0.94;
    38    1    0    0    0    20        1    0.9936356666324795    9.033387211969266    1    1    1.06    0.94;
    39    1    0    0    0    0        1    0.9851925891671054    9.086935327139223    1    1    1.06    0.94;
    40    1    0    0    0    0        1    0.9851925891671054    9.086935327139223    1    1    1.06    0.94;
    41    1    0    0    0    0        1    0.9865596624453018    9.062614015733427    1    1    1.06    0.94;
    42    1    0    0    0    20        1    0.9936356666324795    9.033387211969266    1    1    1.06    0.94;
    43    1    0    0    0    0        1    0.9893643203599359    7.638701353573618    1    1    1.06    0.94;
    44    1    0    0    0    0        1    0.9893643203599359    7.638701353573618    1    1    1.06    0.94;
    45    1    0    0    0    0        1    0.9893643203599359    7.638701353573618    1    1    1.06    0.94;
    46    1    0    0    0    0        1    0.9893643203599359    7.638701353573618    1    1    1.06    0.94;
    47    1    0    0    0    0        1    0.9893643203599359    7.638701353573618    1    1    1.06    0.94;
    48    1    0    0    0    0        1    0.9893643203599359    7.638701353573618    1    1    1.06    0.94;
    49    1    0    0    0    0        1    0.9325486363057969    -8.432587628680661    1    2    1.06    0.94;
    50    1    0    0    0    0        1    0.9546005270954778    6.619906325647838    1    2    1.06    0.94;
    51    1    0    0    0    0        1    0.9325486363057969    -8.432587628680661    1    2    1.06    0.94;
    52    1    0    0    0    0        1    0.9546005270954778    6.619906325647838    1    2    1.06    0.94;
    53    1    0    0    0    0        1    0.98868952556931    9.754883126645796    1    1    1.06    0.94;
    54    1    0    0    0    0        1    0.98868952556931    9.754883126645796    1    1    1.06    0.94;
    55    1    0    0    0    0        1    0.98868952556931    9.754883126645796    1    1    1.06    0.94;
    56    1    0    0    0    0        1    0.98868952556931    9.754883126645796    1    1    1.06    0.94;
    57    1    0    0    0    0        1    0.98868952556931    9.754883126645796    1    1    1.06    0.94;
    58    1    0    0    0    0        1    0.98868952556931    9.754883126645796    1    1    1.06    0.94;
    59    3    0    0    0    0        1    1    0    1    3    1.06    0.94;
    60    1    0    0    0    0        1    0.9900353300380419    3.837647308246808    1    1    1.06    0.94;
    61    1    0    0    0    0        1    0.9900353300380419    3.837647308246808    1    1    1.06    0.94;
    62    1    0    0    0    0        1    0.9900353300380419    3.837647308246808    1    1    1.06    0.94;
    63    1    0    0    0    0        1    0.9924312906957152    2.306645937163849    1    1    1.06    0.94;
    64    1    0    0    0    0        1    0.9924312906957152    2.306645937163849    1    1    1.06    0.94;
    65    1    0    0    0    0        1    0.9924312906957152    2.306645937163849    1    1    1.06    0.94;
    66    1    0    0    0    0        1    0.9990557936968142    -1.69982685017908    1    1    1.06    0.94;
    67    1    0    0    0    0        1    0.9985258654591856    -2.953863496339115    1    1    1.06    0.94;
    68    1    0    0    0    0        1    0.9985450259398102    -2.990014374586265    1    1    1.06    0.94;
    69    1    0    0    0    0        1    0.9903650171318983    -5.099412866379056    1    1    1.06    0.94;
