function mpc = CLV
%   MATPOWER 

%% MATPOWER Case Format : Version 2 
mpc.version = '2';

%%-----  Power Flow Data  -----%% 
%% system MVA base
mpc.baseMVA = 100; 

%% bus data 
%	bus_i	type	Pd	Qd	Gs	Bs	area	Vm	Va	baseKV	zone	Vmax	Vmin
mpc.bus = [
    1    1    0    0    0    0        1    1.013975356675317    -9.524122054250222    1    1    1.06    0.94;
    2    1    0    0    0    0        1    1.010555367156955    -10.08507075924688    1    1    1.06    0.94;
    3    1    0    0    0    0        1    1.011211569391123    -9.523417611230741    1    1    1.06    0.94;
    4    1    0    0    0    0        1    1.008607774766499    -9.808219219911253    1    1    1.06    0.94;
    5    1    0    0    0    0        1    1.008216896863378    -7.508814550395618    1    1    1.06    0.94;
    6    1    0    0    0    0        1    1.006093472198821    -7.323022623567691    1    1    1.06    0.94;
    7    1    0    0    0    0        1    1.002710138768008    -9.836057320057279    1    1    1.06    0.94;
    8    1    0    0    0    0        1    1.006118403064129    -7.859315059935818    1    1    1.06    0.94;
    9    1    0    0    0    0        1    1.005766946930658    -7.799415985555017    1    1    1.06    0.94;
    10    1    0    0    0    0        1    1.000262332388836    -9.591849723141687    1    1    1.06    0.94;
    11    1    0    0    0    0        1    1.005437709156494    -8.282262632157932    1    1    1.06    0.94;
    12    1    0    0    0    0        1    1.005063777785193    -9.241743562517765    1    1    1.06    0.94;
    13    1    0    0    0    600        1    1.008197929310279    -7.420071079732718    1    2    1.06    0.94;
    14    1    0    0    0    0        1    1.005746381764397    -6.902243735264214    1    1    1.06    0.94;
    15    1    0    0    0    0        1    1.002590300806091    -9.52910941890374    1    1    1.06    0.94;
    16    1    0    0    0    0        1    1.005562390192257    -7.520310283379649    1    1    1.06    0.94;
    17    1    0    0    0    0        1    1.005369025208503    -9.193813310759138    1    1    1.06    0.94;
    18    1    0    0    0    110        1    1.007774575688154    -6.03903127945969    1    1    1.06    0.94;
    19    1    0    0    0    0        1    1.010836543701841    -4.987223919161002    1    1    1.06    0.94;
    20    3    0    0    0    603.448486328125        1    1    0    1    2    1.06    0.94;
    21    1    0    0    0    0        1    1.058807668261032    -0.5916096580969294    1    1    1.06    0.94;
    22    1    0    0    0    0        1    1.056186401116288    -1.594975278834018    1    1    1.06    0.94;
    23    1    0    0    0    0        1    1.072350757161117    0.3735090946220914    1    1    1.06    0.94;
    24    1    0    0    0    0        1    1.070498967137664    -0.6095633032649337    1    1    1.06    0.94;
    25    1    0    0    0    0        1    1.086013101339397    -3.146181696719868    1    1    1.06    0.94;
    26    1    0    0    0    0        1    1.083414439189818    -4.099559057146821    1    1    1.06    0.94;
    27    1    0    0    0    0        1    1.056105907766642    -1.010747605454879    1    1    1.06    0.94;
    28    1    0    0    0    80        1    1.086706543634417    -0.0550363612439459    1    1    1.06    0.94;
    29    1    0    0    0    120        1    1.108686557276611    -4.675840112363074    1    1    1.06    0.94;
    30    1    0    0    0    30        1    1.059471611372784    2.090856285306387    1    1    1.06    0.94;
    31    1    0    0    0    10        1    1.070978973263479    2.993594679359299    1    1    1.06    0.94;
    32    1    0    0    0    30        1    1.086652978008122    -0.5964212753777639    1    1    1.06    0.94;
    33    1    356    123    0    0        1    1.025910685443141    -12.30255166462429    1    1    1.06    0.94;
    34    1    0    0    0    180        1    1.075872542494207    -12.63536990859781    1    2    1.06    0.94;
    35    1    408    149    0    0        1    1.018053071356693    -13.30375927935657    1    1    1.06    0.94;
    36    1    0    0    0    180        1    1.067212944932914    -13.68773995421821    1    2    1.06    0.94;
    37    1    339    122    0    0        1    1.023281938790823    -12.18312514027072    1    1    1.06    0.94;
    38    1    0    0    0    180        1    1.073112538403311    -12.50279238463229    1    2    1.06    0.94;
    39    1    452    165    0    0        1    1.013195326062246    -13.39777402706902    1    1    1.06    0.94;
    40    1    0    0    0    180        1    1.061865400864506    -13.82465482749395    1    2    1.06    0.94;
    41    1    506    162    0    0        1    1.012635980998697    -11.5321823492116    1    1    1.06    0.94;
    42    1    0    0    0    180        1    1.061360252762108    -12.00717487716321    1    2    1.06    0.94;
    43    1    475    154    0    0        1    1.006433992247378    -11.12769241518611    1    1    1.06    0.94;
    44    1    0    0    0    150        1    1.046147420212373    -11.57629660703556    1    2    1.06    0.94;
    45    1    457    157    0    0        1    1.008068078305725    -13.5057611397502    1    1    1.06    0.94;
    46    1    0    0    0    180        1    1.056602179610175    -13.94095903867484    1    2    1.06    0.94;
    47    1    470    160    0    0        1    1.011102642408679    -11.60939329439057    1    1    1.06    0.94;
    48    1    0    0    0    180        1    1.059755788676546    -12.05375055608931    1    2    1.06    0.94;
    49    1    399    115    0    0        1    1.012590731219819    -10.97787807211395    1    1    1.06    0.94;
    50    1    0    0    0    150        1    1.053160244218852    -11.35272653183701    1    2    1.06    0.94;
    51    1    509    166    0    0        1    1.003538358359605    -13.70807704658206    1    1    1.06    0.94;
    52    1    0    0    0    180        1    1.051718819267959    -14.19416967421284    1    2    1.06    0.94;
    53    1    427    142    0    0        1    1.009822053903986    -11.6940868902231    1    1    1.06    0.94;
    54    1    0    0    0    160        1    1.052775038024542    -12.09801358959353    1    2    1.06    0.94;
    55    1    107    32    0    0        1    1.010038015874188    -10.09544194069358    1    1    1.06    0.94;
    56    1    0    0    0    60        1    1.026016187147688    -10.19866922975949    1    2    1.06    0.94;
    57    1    0    0    0    0        1    0.9243273030250605    -3.159686503655089    1    2    1.06    0.94;
    58    1    0    0    0    0        1    0.9675220548561356    -4.58055852533957    1    2    1.06    0.94;
    59    1    0    0    0    0        1    0.9243273030250605    -3.159686503655089    1    2    1.06    0.94;
    60    1    0    0    0    0        1    0.9675220548561356    -4.58055852533957    1    2    1.06    0.94;
    61    1    0    0    0    0        1    1.059273999131973    3.197253374919959    1    1    1.06    0.94;
    62    1    0    0    0    0        1    1.059273999131973    3.197253374919959    1    1    1.06    0.94;
    63    1    0    0    0    0        1    1.059273999131973    3.197253374919959    1    1    1.06    0.94;
    64    2    0    0    0    -33.8023        1    1.00000002544045    -6.033073291754566    1    3    1.06    0.94;
    65    2    0    0    0    -33.8023        1    1.00000002544045    -6.033073291754566    1    3    1.06    0.94;
    66    1    0    0    0    0        1    1.056105907766642    -1.010747605454879    1    1    1.06    0.94;
    67    1    0    0    0    0        1    1.069997347117225    -0.0410706509622736    1    1    1.06    0.94;
    68    1    0    0    0    0        1    1.08311590074041    -4.654726663536511    1    1    1.06    0.94;
