function mpc = VC
%   MATPOWER 

%% MATPOWER Case Format : Version 2 
mpc.version = '2';

%%-----  Power Flow Data  -----%% 
%% system MVA base
mpc.baseMVA = 100; 

%% bus data 
%	bus_i	type	Pd	Qd	Gs	Bs	area	Vm	Va	baseKV	zone	Vmax	Vmin
mpc.bus = [
    1    1    0    0    0    0        1    0.9849381743360424    -9.811503210516022    1    1    1.06    0.94;
    2    1    0    0    0    0        1    0.983268578186659    -10.41641702498319    1    1    1.06    0.94;
    3    1    0    0    0    0        1    0.985591633945323    -9.846676759962723    1    1    1.06    0.94;
    4    1    0    0    0    0        1    0.9824054466250602    -10.1238655007515    1    1    1.06    0.94;
    5    1    0    0    0    0        1    0.9868681295678744    -7.755139723909166    1    1    1.06    0.94;
    6    1    0    0    0    0        1    0.9869512045042174    -7.564357926398948    1    1    1.06    0.94;
    7    1    0    0    0    0        1    0.9833446704411831    -10.17931755022291    1    1    1.06    0.94;
    8    1    0    0    0    0        1    0.9865209894437172    -8.124373328368204    1    1    1.06    0.94;
    9    1    0    0    0    0        1    0.9871677552919916    -8.064720437560839    1    1    1.06    0.94;
    10    1    0    0    0    0        1    0.9822648948350965    -9.92639362535003    1    1    1.06    0.94;
    11    1    0    0    0    0        1    0.9862450376062364    -8.573098731692122    1    1    1.06    0.94;
    12    1    0    0    0    0        1    0.987436841293505    -9.575795751610592    1    1    1.06    0.94;
    13    1    0    0    0    700        1    0.9868917671675335    -7.662888474467707    1    2    1.06    0.94;
    14    1    0    0    0    0        1    0.9876907835781438    -7.125674663425229    1    1    1.06    0.94;
    15    1    0    0    0    0        1    0.9841455743533726    -9.864082570102878    1    1    1.06    0.94;
    16    1    0    0    0    0        1    0.9878282335575471    -7.778969661856262    1    1    1.06    0.94;
    17    1    0    0    0    0        1    0.9878524000605523    -9.529189942706715    1    1    1.06    0.94;
    18    1    0    0    0    60        1    0.9890025056289704    -6.232346568087123    1    1    1.06    0.94;
    19    1    0    0    0    0        1    0.9907298603433849    -5.142004607895451    1    1    1.06    0.94;
    20    3    0    0    0    639.7323608398438        1    1    0    1    2    1.06    0.94;
    21    1    0    0    0    0        1    1.038293393541999    -0.5701744455194696    1    1    1.06    0.94;
    22    1    0    0    0    0        1    1.035731277823961    -1.61439624661549    1    1    1.06    0.94;
    23    1    0    0    0    0        1    1.050393920793355    0.4391767200202014    1    1    1.06    0.94;
    24    1    0    0    0    0        1    1.047901094955165    -0.5813634101511655    1    1    1.06    0.94;
    25    1    0    0    0    0        1    1.047459850880758    -2.990163005134808    1    1    1.06    0.94;
    26    1    0    0    0    0        1    1.044976263019211    -4.016546795959168    1    1    1.06    0.94;
    27    1    0    0    0    0        1    1.035575458762803    -1.006967271623952    1    1    1.06    0.94;
    28    1    0    0    0    60        1    1.059952617120034    0.0016290779370507    1    1    1.06    0.94;
    29    1    0    0    0    90        1    1.063205750206957    -4.629039516037054    1    1    1.06    0.94;
    30    1    0    0    0    30        1    1.038773945416479    2.219878601454337    1    1    1.06    0.94;
    31    1    0    0    0    30        1    1.05070474900697    3.165723405945314    1    1    1.06    0.94;
    32    1    0    0    0    30        1    1.047742067460943    -0.2482355356549827    1    1    1.06    0.94;
    33    1    356    123    0    0        1    0.9917317636853626    -12.76821572917973    1    1    1.06    0.94;
    34    1    0    0    0    160        1    1.034112347497919    -13.12017350078172    1    2    1.06    0.94;
    35    1    408    149    0    0        1    0.9855655896648629    -13.83117974535341    1    1    1.06    0.94;
    36    1    0    0    0    160        1    1.027257635927675    -14.2367805899673    1    2    1.06    0.94;
    37    1    339    122    0    0        1    0.9927137092625126    -12.65741144124989    1    1    1.06    0.94;
    38    1    0    0    0    160        1    1.035145939413885    -12.99303678849568    1    2    1.06    0.94;
    39    1    452    165    0    0        1    0.9817500931407894    -13.92484906275436    1    1    1.06    0.94;
    40    1    0    0    0    160        1    1.023023154226578    -14.37545694098481    1    2    1.06    0.94;
    41    1    506    162    0    0        1    0.986309481578889    -11.97285826629744    1    1    1.06    0.94;
    42    1    0    0    0    160        1    1.027883071137522    -12.46973211802351    1    2    1.06    0.94;
    43    1    475    154    0    0        1    0.9862047876393862    -11.52241093628559    1    1    1.06    0.94;
    44    1    0    0    0    150        1    1.025030056418401    -11.98886839905131    1    2    1.06    0.94;
    45    1    457    157    0    0        1    0.9874942068906776    -13.99921253780792    1    1    1.06    0.94;
    46    1    0    0    0    180        1    1.034943291812064    -14.45181460868687    1    2    1.06    0.94;
    47    1    470    160    0    0        1    0.9902693950027279    -12.02938299722688    1    1    1.06    0.94;
    48    1    0    0    0    180        1    1.03782329709544    -12.49170810174354    1    2    1.06    0.94;
    49    1    399    115    0    0        1    0.9930985851245272    -11.36656568641174    1    1    1.06    0.94;
    50    1    0    0    0    150        1    1.032824049551514    -11.75555111105442    1    2    1.06    0.94;
    51    1    509    166    0    0        1    0.9843542492655909    -14.19977726503393    1    1    1.06    0.94;
    52    1    0    0    0    180        1    1.031520659381348    -14.70415054366228    1    2    1.06    0.94;
    53    1    427    142    0    0        1    0.9895723013343539    -12.12244549520184    1    1    1.06    0.94;
    54    1    0    0    0    160        1    1.031580845400967    -12.54227308191488    1    2    1.06    0.94;
    55    1    107    32    0    0        1    0.9921510802231153    -10.46033593021242    1    1    1.06    0.94;
    56    1    0    0    0    60        1    1.007830158655088    -10.5670527809742    1    2    1.06    0.94;
    57    1    0    0    0    0        1    0.8301161612190145    -3.897216932027359    1    2    1.06    0.94;
    58    1    0    0    0    0        1    0.8652384615523296    -4.144104591967174    1    2    1.06    0.94;
    59    1    0    0    0    0        1    0.8301161612190145    -3.897216932027359    1    2    1.06    0.94;
    60    1    0    0    0    0        1    0.8652384615523296    -4.144104591967174    1    2    1.06    0.94;
    61    1    0    0    0    0        1    1.038564309428563    3.370828525790308    1    1    1.06    0.94;
    62    1    0    0    0    0        1    1.038564309428563    3.370828525790308    1    1    1.06    0.94;
    63    1    0    0    0    0        1    1.038564309428563    3.370828525790308    1    1    1.06    0.94;
    64    1    0    0    0    0        1    1.035575458762803    -1.006967271623952    1    1    1.06    0.94;
    65    1    0    0    0    0        1    1.047729276988619    0.0120626124125823    1    1    1.06    0.94;
    66    1    0    0    0    0        1    1.044814468972535    -4.613297339994154    1    1    1.06    0.94;
    67    1    0    0    0    0        1    0.9899682435646787    -13.10006408735085    1    2    1.06    0.94;
    68    1    0    0    0    0        1    0.9834061785851718    -14.2166706728356    1    2    1.06    0.94;
