
% 1.模型序号
% 2.busname 在 mpc.bus_name 中的序号
% ID，风电机识别码 在 mpc.mode_id 中的索引
% PPER，有功发电比例（0~1）
% QPER，无功发电比例（0~1）
% MVA，单个光伏阵列的额定容量（MVA）
% T，实际温度（°C；缺省25）
% Uoc，单体电池标准条件下的开路电压（V）
% Isc，单体电池标准条件下的短路电流（A）
% Upmax，最大功率点的电压（V）
% Ipmax，最大功率点的电流（A）
% ISHT，光伏阵列的并联电池组数
% ISER，光伏阵列每组光伏电池组的串联单体光伏电池数
% C，直流侧电容大小（mF）
% NM，组数

MS = [ 
1	61	0     	0.00	0.00	1.050	15.000	44.800	8.3300	35.200	7.9500	127 	28  	1000000000.000000	400
2	62	0     	0.00	0.00	1.050	15.000	44.800	8.3300	35.200	7.9500	127 	28  	1000000000.000000	400
3	63	0     	0.00	0.00	1.050	15.000	44.800	8.3300	35.200	7.9500	127 	28  	1000000000.000000	400
];



% NAME；风电机组名称
% BASE；风电机组额定电压（kV）
% ID；识别码 在 mpc.mode_id 中的索引
% T1；测量时间常数（秒）
% KPUDC；直流电压PI控制比例系数
% KIUDC；直流电压PI控制积分系数
% MAXID；PI控制环节最大限幅（共用）
% MINID；PI控制环节最小限幅（共用）
% TPC；时间常数（s）
% PMAX；功率最大限制（pu；相对额定功率的标么值）
% PMIN；功率最小限制（pu；相对额定功率的标么值）
% dP/dtMAX；功率最大变化率（pu/s；相对额定功率的标么值）
% dP/dtMIN；功率最小变化率（pu/s；相对额定功率的标么值）
% PCON_TYP；功率控制方式；=0；定直流电压控制（详细计算使用）；=1；恒功率控制（简化计算使用）
% KPP；恒功率PI控制环节系数
% KIP；恒功率PI控制环节时间常数（秒）

EU = [ 
1	88	0     	0.0200	2.0000	0.1000	1.0000	-1.000	0.0000	0.0000	0.0000	0.0000	0.0000	0	0.0000	0.0000
2	90	0     	0.0200	2.0000	0.1000	1.0000	-1.000	0.0000	0.0000	0.0000	0.0000	0.0000	0	0.0000	0.0000
3	85	0     	0.0200	2.0000	0.1000	1.0000	-1.000	0.0000	0.0000	0.0000	0.0000	0.0000	0	0.0000	0.0000
4	87	0     	0.0200	2.0000	0.1000	1.0000	-1.000	0.0000	0.0000	0.0000	0.0000	0.0000	0	0.0000	0.0000
5	61	0     	0.0200	2.0000	0.1000	1.0000	-1.000	0.0000	0.0000	0.0000	0.0000	0.0000	0	0.0000	0.0000
6	62	0     	0.0200	2.0000	0.1000	1.0000	-1.000	0.0000	0.0000	0.0000	0.0000	0.0000	0	0.0000	0.0000
7	63	0     	0.0200	2.0000	0.1000	1.0000	-1.000	0.0000	0.0000	0.0000	0.0000	0.0000	0	0.0000	0.0000
];



% 1.模型序号
% 2.busname 在 mpc.bus_name 中的序号
% ID；风电机识别码 在 mpc.mode_id 中的索引
% RC；电压补偿电阻标么值
% XC；电压补偿电抗标么值
% TR；电压测量时间常数(s)
% KPV；比例环节系数
% KPI；积分环节系数
% QMAX；无功最大限制(pu)
% QMIN；无功最小限制(pu)
% TV；时间常数(s)
% TPV；时间常数(s)
% IPF；=0；电压控制方式；=1采用恒功率因数控制方式
% TPE；时间常数(s)
% NAME；控制节点名称 + BASE；控制节点基准电压（kV）在 mpc.bus_name 中的索引

EZ = [ 
1	88	0     	0.0000	0.0000	0.0200	18.000	5.0000	1.1000	-1.100	0.0200	0.0000	1	0.0000	0
2	90	0     	0.0000	0.0000	0.0200	18.000	5.0000	1.1000	-1.100	0.0200	0.0000	1	0.0000	0
3	85	0     	0.0000	0.0000	0.0200	18.000	5.0000	1.1000	-1.100	0.0200	0.0000	1	0.0000	0
4	87	0     	0.0000	0.0000	0.0200	18.000	5.0000	1.1000	-1.100	0.0200	0.0000	1	0.0000	0
5	61	0     	0.0000	0.0000	0.0200	18.000	5.0000	0.4360	-0.436	0.1500	0.0500	1	0.0000	0
6	62	0     	0.0000	0.0000	0.0200	18.000	5.0000	0.4360	-0.436	0.1500	0.0500	1	0.0000	0
7	63	0     	0.0000	0.0000	0.0200	18.000	5.0000	0.4360	-0.436	0.1500	0.0500	1	0.0000	0
8	89	0     	0.0000	0.0000	0.0200	18.000	5.0000	1.1000	-1.100	0.0200	0.0000	1	0.0000	0
9	86	0     	0.0000	0.0000	0.0200	18.000	5.0000	1.1000	-1.100	0.0200	0.0000	1	0.0000	0
];



% NAME；风电机组名称
% BASE；风电机组额定电压（kV）
% ID；识别码 在 mpc.mode_id 中的索引
% IMAX；最大电流限制（pu；本机额定容量为基准）
% Idmax；有功电流最大限制（pu；本机额定容量为基准）
% Iqmax；无功电流最大限制（pu；本机额定容量为基准）
% IPQ_LOW；低电压期间无功控制优先标志（=0；无功优先；=1；有功优先）
% IPQ_HIGH；高电压期间无功控制优先标志（=0；有功优先；=1；无功优先）
% IMAX_FLG；低电压穿越期间总电流限制方式（=0；不变；=1；按照初值的比例设定）
% IMAX_PER；低穿期间最大电流限制与初始电流的比例
% KQP；无功控制比例系数（pu；本机额定容量为基准）
% KQI；无功控制积分系数（pu；本机额定容量为基准）
% dQmax；无功控制环节限幅最大值（pu；本机额定容量为基准）
% dQmin；无功控制环节限幅最小值（pu；本机额定容量为基准）
% Tdelay；电流注入时间延时（s）

ES = [ 
1	88	0     	1.1000	1.1000	1.1000	0	1	0	0.0000	0.0000	0.0000	0.0000	0.0000	0.0000
2	90	0     	1.1000	1.1000	1.1000	0	1	0	0.0000	0.0000	0.0000	0.0000	0.0000	0.0000
3	85	0     	1.1000	1.1000	1.1000	0	1	0	0.0000	0.0000	0.0000	0.0000	0.0000	0.0000
4	87	0     	1.1000	1.1000	1.1000	0	1	0	0.0000	0.0000	0.0000	0.0000	0.0000	0.0000
5	61	0     	1.2000	1.2000	1.2000	0	0	0	0.0000	0.0000	0.0000	0.0000	0.0000	0.0000
6	62	0     	1.2000	1.2000	1.2000	0	0	0	0.0000	0.0000	0.0000	0.0000	0.0000	0.0000
7	63	0     	1.2000	1.2000	1.2000	0	0	0	0.0000	0.0000	0.0000	0.0000	0.0000	0.0000
8	89	0     	1.1000	1.1000	1.1000	0	1	0	0.0000	0.0000	0.0000	0.0000	0.0000	0.0000
9	86	0     	1.1000	1.1000	1.1000	0	1	0	0.0000	0.0000	0.0000	0.0000	0.0000	0.0000
];



% NAME 风电机组名称
% BASE 风电机组额定电压（kV）
% ID；识别码 在 mpc.mode_id 中的索引
% VOL_TYP；判断故障穿越的电压类型（=0；正序电压；=1；最小或最大相电压）
% VOL_LOW；判断进入低电压穿越状态的电压值（pu）
% VOL_LOW_RET；判断退出低电压穿越状态的电压值（pu）
% VOL_LOW_DELAY；低电压判断时间（周波）
% VOL_HIGH；判断进入高电压穿越状态的电压值（pu）
% VOL_HIGH_RET；判断退出高电压穿越状态的电压值（pu）
% VOL_HIGH_DELAY；高电压判断时间（周波）

EV = [ 
1	88	0     	0	0.9000	0.9000	0.0000	1.3000	1.3000	0.0000
2	90	0     	0	0.9000	0.9000	0.0000	1.3000	1.3000	0.0000
3	85	0     	0	0.9000	0.9000	0.0000	1.3000	1.3000	0.0000
4	87	0     	0	0.9000	0.9000	0.0000	1.3000	1.3000	0.0000
5	61	0     	0	0.9000	0.9000	0.0000	1.3000	1.3000	0.0000
6	62	0     	0	0.9000	0.9000	0.0000	1.3000	1.3000	0.0000
7	63	0     	0	0.9000	0.9000	0.0000	1.3000	1.3000	0.0000
8	89	0     	0	0.9000	0.9000	0.0000	1.3000	1.3000	0.0000
9	86	0     	0	0.9000	0.9000	0.0000	1.3000	1.3000	0.0000
];



% 1.模型序号
% 2.busname 在 mpc.bus_name 中的序号
% ID；识别码 在 mpc.mode_id 中的索引
% 参数组标志；含义见说明书（共8种：L、H、S、T、M、N、U、V）在 mpc.other_string 中的索引
% 参数组填法标志；B表示BPA填法；P表示PSASP填法 在 mpc.other_string 中的索引
% IRT_CON；电压恢复过程中是否再次进入故障穿越过程的标志；=0进入；=1不进入
% IP_FLG；故障穿越期间的有功控制方式（=0指定电流；=1指定电流百分比；=2指定功率；=3指定功率百分比）
% IP_SET1；故障穿越期间的有功电流或功率控制值
% TDELAY；故障穿越期间进入功率保持的延时（周波）
% IP_FLG2；穿越后设定有功爬坡初始值的方式（=0指定电流；=1指定电流百分比；=2指定功率；=3指定功率百分比）
% IP_SET2；穿越后设定有功爬坡的初始值
% IP_TIM2；穿越后维持设定的初始电流或功率的时间（周波）
% IP_RATE_FLG；穿越后有功爬坡过程的方式（=0；立即恢复=1；按照指定斜率上升；填写42-56列=2；按照抛物线的方式上升；填写57-61列=3；按照指定时间斜线上升；填写57-61列）
% IP_RATE；穿越后爬坡过程中；有功电流或功率上升速率（A/s或MW/s）（= -1.0；立即恢复到故障发生前的数值
% IP_RATE2；穿越后爬坡过程中；有功电流或功率上升的慢速速率（A/s或MW/s）
% P_RATE_CHANGE；爬坡过程中上升速率由41-45列速率转换为46-50列速率的功率或者电流值相对初值的比例
% TP；恢复时间常数（s；对应从0恢复到额定功率的时间）
% IPI_COM；不对称故障期间有功电流的控制方式（0和三相故障一致；1根据正序电压计算有功电流限制）
% PILIM_K1；正序电流限幅计算系数1
% PILIM_K2；正序电流限幅计算系数2
% IP_RATE_FLG2；不对称故障后有功爬坡方式（0和三相故障一致；1根据正序电压计算有功电流限制）

LP = [ 
1	88	0     	0     	0     	1	1	50.000	0.000	0	-1.000	0.0000	1	4.5000	0.0000	0.0000	0.5000	0	0.0000	0.0000	0
2	90	0     	0     	0     	1	1	50.000	0.000	0	-1.000	0.0000	1	4.5000	0.0000	0.0000	0.5000	0	0.0000	0.0000	0
3	85	0     	0     	0     	1	1	40.000	0.000	0	-1.000	0.0000	1	4.5000	0.0000	0.0000	0.5000	0	0.0000	0.0000	0
4	87	0     	0     	0     	1	1	40.000	0.000	0	-1.000	0.0000	1	4.5000	0.0000	0.0000	0.5000	0	0.0000	0.0000	0
5	61	0     	0     	0     	1	1	40.000	0.000	0	-1.000	0.0000	1	4.5000	0.0000	0.0000	0.5000	0	0.0000	0.0000	0
6	62	0     	0     	0     	1	1	40.000	0.000	0	-1.000	0.0000	1	4.5000	0.0000	0.0000	0.5000	0	0.0000	0.0000	0
7	63	0     	0     	0     	1	1	40.000	0.000	0	-1.000	0.0000	1	4.5000	0.0000	0.0000	0.5000	0	0.0000	0.0000	0
8	89	0     	0     	0     	1	1	40.000	0.000	0	-1.000	0.0000	1	4.5000	0.0000	0.0000	0.5000	0	0.0000	0.0000	0
9	86	0     	0     	0     	1	1	40.000	0.000	0	-1.000	0.0000	1	4.5000	0.0000	0.0000	0.5000	0	0.0000	0.0000	0
];



% 1.模型序号
% 2.busname 在 mpc.bus_name 中的序号
% ID；识别码 在 mpc.mode_id 中的索引
% 参数组标志；含义见说明书（共8种：L、H、S、T、M、N、U、V） 在 mpc.other_string 中的索引
% 参数组填法标志；B表示BPA填法；P表示PSASP填法  在 mpc.other_string 中的索引
% ICON_TYP；三相对称条件下的无功控制方式=0；采用电压控制无功电流的方式；=2；指定无功功率值；=3；指定无功电流值。
% VOLTYP；选择的最小电压类型；=0正序电压；=1相电压
% VOL_REF；计算无功电流的电压参考值（pu）；缺省0.9pu
% Q_RATE；19列为0时；填写无功调整系数（pu）19列为2时；填写无功功率值（Mvar）19列为3时；填写无功电流值（A）
% ICONTYP2；三相不对称条件下的无功控制方式：=0没有无功输出；=1指定固定值；=2采用和正序相同的控制方式；=3采用负序电压控制；=4采用正序和负序电压共同控制
% KQ2；采用负序电压控制时；计算电流参考值的系数
% IQMAX；不对称时；无功电流最大限制（A）；当31列为1时；无功电流指定值（A）
% IQ_FLG；穿越后的无功控制方式：=0不控制；恢复初始状态；=1保持一定值一段时间；=2以指数形式下降；=3以斜线形式下降
% IQ_START；穿越后无功下降的开始电流或者保持的电流（A）
% IQ_TP；降低的时间常数或者保持的时间（s）
% IQLIM；无功电流最大限制（A）

