function mpc = HFLF
%   MATPOWER 

%% MATPOWER Case Format : Version 2 
mpc.version = '2';

%%-----  Power Flow Data  -----%% 
%% system MVA base
mpc.baseMVA = 100; 

%% bus data 
%	bus_i	type	Pd	Qd	Gs	Bs	area	Vm	Va	baseKV	zone	Vmax	Vmin
mpc.bus = [
    1    1    0    0    0    0        1    0.9887017778931655    -1.570786636034786    1    1    1.06    0.94;
    2    1    0    0    0    0        1    0.9875571286536791    -2.938768749965242    1    1    1.06    0.94;
    3    1    0    0    0    0        1    0.992056221697034    -0.7438175699445216    1    1    1.06    0.94;
    4    1    0    0    0    0        1    0.9917603778260098    -1.904277727017406    1    1    1.06    0.94;
    5    1    0    0    0    0        1    0.9937140781310778    -0.9194760887782658    1    1    1.06    0.94;
    6    1    0    0    0    0        1    0.9919181142395161    -1.773033584178696    1    1    1.06    0.94;
    7    1    0    0    0    0        1    0.9868460579136027    -3.757858314857793    1    1    1.06    0.94;
    8    1    0    0    0    450        1    0.9876569593170575    -2.997511307360601    1    2    1.06    0.94;
    9    3    0    0    0    0        1    1    0    1    3    1.06    0.94;
    10    1    0    0    0    450        1    0.9938979948650866    -0.9658857914701793    1    2    1.06    0.94;
    11    3    0    0    0    0        1    1    0    1    3    1.06    0.94;
    12    1    0    0    0    440        1    0.9870150404688078    -3.804916961759751    1    2    1.06    0.94;
    13    3    0    0    0    0        1    1    0    1    3    1.06    0.94;
    14    1    0    0    0    60        1    1.033231034210988    6.732760805320938    1    4    1.06    0.94;
    15    1    0    0    0    60        1    1.033535361489423    8.315614541703718    1    4    1.06    0.94;
    16    1    0    0    0    60        1    1.031937526928264    7.132253122158803    1    4    1.06    0.94;
    17    1    0    0    0    60        1    1.033689806456487    6.539729827752553    1    4    1.06    0.94;
    18    1    0    0    0    60        1    1.033535361489423    8.315614541703718    1    4    1.06    0.94;
    19    1    0    0    0    60        1    1.031937526928264    7.132253122158803    1    4    1.06    0.94;
    20    1    0    0    0    60        1    1.033660097668696    6.502983359265121    1    4    1.06    0.94;
    21    1    0    0    0    60        1    1.033451119657464    8.316974308933256    1    4    1.06    0.94;
    22    1    0    0    0    60        1    1.031852913227672    7.133623191220666    1    4    1.06    0.94;
    23    1    0    0    0    60        1    1.033231862735084    6.504490139521062    1    4    1.06    0.94;
    24    1    0    0    0    60        1    1.033022703586107    8.318481751763001    1    4    1.06    0.94;
    25    1    0    0    0    60        1    1.031422400286824    7.135145499145662    1    4    1.06    0.94;
    26    1    0    0    0    60        1    1.033147551227016    6.505849570634057    1    4    1.06    0.94;
    27    1    0    0    0    60        1    1.032938342870968    8.319842566648644    1    4    1.06    0.94;
    28    1    0    0    0    60        1    1.031337667695165    7.13651649115706    1    4    1.06    0.94;
    29    1    0    0    0    60        1    1.033147551227016    6.505849570634057    1    4    1.06    0.94;
    30    1    0    0    0    60        1    1.032938342870968    8.319842566648644    1    4    1.06    0.94;
    31    1    0    0    0    60        1    1.031337667695165    7.13651649115706    1    4    1.06    0.94;
    32    1    0    0    0    60        1    1.032938342870968    8.319842566648644    1    4    1.06    0.94;
    33    1    0    0    0    60        1    1.032938342870968    8.319842566648644    1    4    1.06    0.94;
    34    1    0    0    0    0        1    1.016089155270623    2.909678142267638    1    4    1.06    0.94;
    35    1    0    0    0    0        1    1.015939771291349    4.684485590070243    1    4    1.06    0.94;
    36    1    0    0    0    0        1    1.014394599222374    3.489946762734177    1    4    1.06    0.94;
    37    1    0    0    0    0        1    1.016060355736227    2.872724693112068    1    4    1.06    0.94;
    38    1    0    0    0    0        1    1.015858361277422    4.685256486697178    1    4    1.06    0.94;
    39    1    0    0    0    0        1    1.014312791475518    3.490723177285805    1    4    1.06    0.94;
    40    1    0    0    0    0        1    1.01597892254217    2.87349553361766    1    4    1.06    0.94;
    41    1    0    0    0    0        1    1.015776832636611    4.686028056220636    1    4    1.06    0.94;
    42    1    0    0    0    0        1    1.014230864926931    3.491500127213506    1    4    1.06    0.94;
    43    1    0    0    0    0        1    1.015776832636611    4.686028056220636    1    4    1.06    0.94;
    44    1    0    0    0    0        1    1.006820517727115    1.530650160736173    1    4    1.06    0.94;
    45    1    0    0    0    0        1    1.00662109902612    3.342614003253072    1    4    1.06    0.94;
    46    1    0    0    0    0        1    1.005095812083038    2.14372278610669    1    4    1.06    0.94;
    47    1    0    0    0    0        1    1.008795919000002    1.87534037733359    1    4    1.06    0.94;
    48    1    0    0    0    0        1    1.008795919000002    1.87534037733359    1    4    1.06    0.94;
    49    1    0    0    0    125        1    1.041234771195233    1.855200871508183    1    4    1.06    0.94;
    50    1    0    0    0    0        1    1.00825788088529    3.796237413484923    1    4    1.06    0.94;
    51    1    0    0    0    0        1    1.00825788088529    3.796237413484923    1    4    1.06    0.94;
    52    1    0    0    0    0        1    1.00825788088529    3.796237413484923    1    4    1.06    0.94;
    53    1    0    0    0    0        1    1.006315597046643    2.485102917564757    1    4    1.06    0.94;
    54    1    0    0    0    0        1    1.006315597046643    2.485102917564757    1    4    1.06    0.94;
    55    1    0    0    0    0        1    1.006315597046643    2.485102917564757    1    4    1.06    0.94;
    56    1    1100    360    0    0        1    0.9196075949931318    -15.13376719760525    1    1    1.06    0.94;
    57    1    700    220    0    0        1    0.9377645393402215    -11.33099827750944    1    1    1.06    0.94;
    58    1    900    300    0    0        1    0.9265877986902749    -11.65386422930769    1    1    1.06    0.94;
    59    1    429.1    78    0    0        1    0.9880522140179503    -6.766120749002651    1    1    1.06    0.94;
    60    1    500    170    0    0        1    0.9786073221941345    -6.631727270069311    1    1    1.06    0.94;
    61    1    1223    400    0    0        1    0.9552906506084334    -18.41923725519124    1    1    1.06    0.94;
    62    1    0    0    0    170        1    0.9805643944972382    -16.77299572445973    1    4    1.06    0.94;
    63    1    0    0    0    35        1    0.9469097329800443    -12.31009340766993    1    4    1.06    0.94;
    64    1    0    0    0    80        1    0.9516651265451799    -12.9559353878845    1    4    1.06    0.94;
    65    1    0    0    0    72        1    1.016613116711046    -7.318007420855176    1    4    1.06    0.94;
    66    1    0    0    0    110        1    1.021254587513315    -7.298203212175681    1    4    1.06    0.94;
    67    1    0    0    0    351        1    1.106485830765211    -20.16820449953118    1    4    1.06    0.94;
    68    1    0    0    0    0        1    0.9206794066526311    -5.003102275965081    1    5    1.06    0.94;
    69    1    0    0    0    0        1    0.9700757288537962    1.84573252660395    1    5    1.06    0.94;
