function mpc = ULF
%   MATPOWER 

%% MATPOWER Case Format : Version 2 
mpc.version = '2';

%%-----  Power Flow Data  -----%% 
%% system MVA base
mpc.baseMVA = 100; 

%% bus data 
%	bus_i	type	Pd	Qd	Gs	Bs	area	Vm	Va	baseKV	zone	Vmax	Vmin
mpc.bus = [
    1    1    0    0    0    0        1    1.041816195322516    -1.918280883587016    1    1    1.06    0.94;
    2    1    0    0    0    0        1    1.040138950675477    -2.461824981812151    1    1    1.06    0.94;
    3    1    0    0    0    0        1    1.044120017639642    -1.656777057892255    1    1    1.06    0.94;
    4    1    0    0    0    0        1    1.042995950064763    -1.750519800760266    1    1    1.06    0.94;
    5    1    0    0    0    0        1    1.044968490665618    -1.769703605549105    1    1    1.06    0.94;
    6    1    0    0    0    0        1    1.043587350800856    -1.738418472118102    1    1    1.06    0.94;
    7    1    0    0    0    0        1    1.043441814320803    -2.653663054186279    1    1    1.06    0.94;
    8    1    0    0    0    450        1    1.040355577011393    -2.504183342961326    1    2    1.06    0.94;
    9    3    0    0    0    0        1    1    0    1    3    1.06    0.94;
    10    1    0    0    0    450        1    1.045188617632874    -1.811670961146848    1    2    1.06    0.94;
    11    3    0    0    0    0        1    1    0    1    3    1.06    0.94;
    12    1    0    0    0    440        1    1.043650192685717    -2.695754224851497    1    2    1.06    0.94;
    13    3    0    0    0    0        1    1    0    1    3    1.06    0.94;
    14    1    0    0    0    50        1    1.06716293171068    1.620329538746606    1    4    1.06    0.94;
    15    1    0    0    0    50        1    1.070899721938859    1.857210424570337    1    4    1.06    0.94;
    16    1    0    0    0    50        1    1.069569449109981    1.752741718831127    1    4    1.06    0.94;
    17    1    0    0    0    0        1    1.050810721908553    -1.063070648814538    1    4    1.06    0.94;
    18    1    0    0    0    0        1    1.054457974224218    -0.8075637238156759    1    4    1.06    0.94;
    19    1    0    0    0    0        1    1.053159417046712    -0.9186413048924449    1    4    1.06    0.94;
    20    1    0    0    0    0        1    1.046684870054309    -1.551782803534276    1    4    1.06    0.94;
    21    1    0    0    0    0        1    1.050317206043239    -1.292677443335641    1    4    1.06    0.94;
    22    1    0    0    0    0        1    1.04902395736722    -1.405031822769732    1    4    1.06    0.94;
    23    1    0    0    0    0        1    1.046684989320762    -1.551782830668344    1    4    1.06    0.94;
    24    1    0    0    0    0        1    1.050317444485182    -1.29267735309332    1    4    1.06    0.94;
    25    1    0    0    0    0        1    1.04902419580546    -1.405031706878335    1    4    1.06    0.94;
    26    1    0    0    0    0        1    1.046684989421645    -1.551783034516813    1    4    1.06    0.94;
    27    1    0    0    0    0        1    1.050317444569223    -1.292677556259603    1    4    1.06    0.94;
    28    1    0    0    0    0        1    1.049024195896804    -1.40503191028569    1    4    1.06    0.94;
    29    1    0    0    0    0        1    1.046684989421645    -1.551783034516813    1    4    1.06    0.94;
    30    1    0    0    0    0        1    1.050317444569223    -1.292677556259603    1    4    1.06    0.94;
    31    1    0    0    0    0        1    1.049024195896804    -1.40503191028569    1    4    1.06    0.94;
    32    1    0    0    0    0        1    1.050317444569223    -1.292677556259603    1    4    1.06    0.94;
    33    1    0    0    0    0        1    1.050317444569223    -1.292677556259603    1    4    1.06    0.94;
    34    1    0    0    0    0        1    1.050810841131881    -1.063070629765163    1    4    1.06    0.94;
    35    1    0    0    0    0        1    1.054457974237344    -0.807563774415656    1    4    1.06    0.94;
    36    1    0    0    0    0        1    1.05315953624068    -0.9186412009140049    1    4    1.06    0.94;
    37    1    0    0    0    0        1    1.046684989270321    -1.551782728744109    1    4    1.06    0.94;
    38    1    0    0    0    0        1    1.05031732526421    -1.292677398214475    1    4    1.06    0.94;
    39    1    0    0    0    0        1    1.04902407658634    -1.405031764824027    1    4    1.06    0.94;
    40    1    0    0    0    0        1    1.046684989371204    -1.551782932592579    1    4    1.06    0.94;
    41    1    0    0    0    0        1    1.050317325348251    -1.292677601380781    1    4    1.06    0.94;
    42    1    0    0    0    0        1    1.049024076677684    -1.405031968231406    1    4    1.06    0.94;
    43    1    0    0    0    0        1    1.050317325348251    -1.292677601380781    1    4    1.06    0.94;
    44    1    0    0    0    0        1    1.046355056977485    -1.549211623810174    1    4    1.06    0.94;
    45    1    0    0    0    0        1    1.049986207785916    -1.290106278821154    1    4    1.06    0.94;
    46    1    0    0    0    0        1    1.048693449011347    -1.402460517739545    1    4    1.06    0.94;
    47    1    0    0    0    0        1    1.046836318761313    -1.50704165586323    1    4    1.06    0.94;
    48    1    0    0    0    0        1    1.046836318761313    -1.50704165586323    1    4    1.06    0.94;
    49    1    0    0    0    20        1    1.052080685969863    -1.510179190539809    1    4    1.06    0.94;
    50    1    0    0    0    15        1    1.054558657159801    -1.250300731554348    1    4    1.06    0.94;
    51    1    0    0    0    20        1    1.055879411946447    -1.251087969714022    1    4    1.06    0.94;
    52    1    0    0    0    0        1    1.050616196709319    -1.247950353440776    1    4    1.06    0.94;
    53    1    0    0    0    0        1    1.049083758998162    -1.360652942772952    1    4    1.06    0.94;
    54    1    0    0    0    5        1    1.050392671112011    -1.361434433534373    1    4    1.06    0.94;
    55    1    0    0    0    0        1    1.049083758998162    -1.360652942772952    1    4    1.06    0.94;
    56    1    300    140    0    0        1    1.017674522198479    -5.046241749937219    1    1    1.06    0.94;
    57    1    300    100    0    0        1    1.023753070583608    -5.57902342243027    1    1    1.06    0.94;
    58    1    300    110    0    0        1    1.025911986242436    -4.754845627644708    1    1    1.06    0.94;
    59    1    329.1    78    0    0        1    1.0305727318476    -5.140575720360127    1    1    1.06    0.94;
    60    1    300    70    0    0        1    1.034473744727556    -4.842381099926686    1    1    1.06    0.94;
    61    1    323    79    0    0        1    1.030914181454955    -5.978134691049398    1    1    1.06    0.94;
    62    1    0    0    0    20        1    1.02332930169597    -5.405026308115985    1    4    1.06    0.94;
    63    1    0    0    0    20        1    1.030301176104959    -5.932237954999279    1    4    1.06    0.94;
    64    1    0    0    0    20        1    1.032275566830426    -5.1069367139231    1    4    1.06    0.94;
    65    1    0    0    0    20        1    1.03765939714428    -5.521457047242697    1    4    1.06    0.94;
    66    1    0    0    0    20        1    1.041743690182773    -5.18740609481591    1    4    1.06    0.94;
    67    1    0    0    0    20        1    1.037979844825044    -6.351886718244361    1    4    1.06    0.94;
    68    1    0    0    0    0        1    0.9192886288914318    -4.117360334030956    1    5    1.06    0.94;
    69    1    0    0    0    0        1    0.9707832277296283    1.480758401143891    1    5    1.06    0.94;
